20
0.0001628471
0.00011927610000000001
9.342299999999999e-05
5.25165e-05
-1.18148e-05
1.73942e-05
-1.2516099999999999e-05
3.07e-06
5.47158e-05
4.0461e-05
-1.11e-06
9.0858e-06
1.07334e-05
-1.2594500000000001e-05
-4.4186499999999994e-05
-8.74718e-05
-9.247489999999999e-05
-0.0001307651
-0.000121554
-2.0277e-05
0.00011927610000000001
0.000105037
7.95518e-05
4.22811e-05
-1.55767e-05
-2.725e-06
-1.95024e-05
-1.03856e-05
1.9224400000000002e-05
1.70972e-05
-1.3316e-05
4.5502e-06
1.0147e-06
-9.3676e-06
-2.14092e-05
-6.58272e-05
-3.48496e-05
-0.0001475675
-5.07304e-05
-8.11338e-05
9.342299999999999e-05
7.95518e-05
9.03919e-05
5.11532e-05
8.6799e-06
9.928200000000001e-06
2.0524e-06
6.8611e-06
2.82271e-05
1.6466400000000002e-05
-4.4881e-06
-6.72e-07
3.6363e-06
-1.1155e-05
-3.1606700000000004e-05
-4.2787600000000003e-05
-5.47017e-05
-8.201709999999999e-05
-9.19356e-05
4.8166899999999994e-05
5.25165e-05
4.22811e-05
5.11532e-05
0.0001692188
5.38718e-05
5.8280200000000005e-05
4.9784700000000005e-05
5.35688e-05
5.8594499999999996e-05
3.4476e-05
2.06057e-05
1.17174e-05
9.181799999999999e-06
-1.38297e-05
-3.79049e-05
-4.26712e-05
-6.79101e-05
-3.80616e-05
-9.93943e-05
9.042780000000001e-05
-1.18148e-05
-1.55767e-05
8.6799e-06
5.38718e-05
0.0001882431
0.00014283459999999998
0.00011159780000000001
0.0001366773
0.0001144568
5.7458100000000005e-05
5.32196e-05
2.16238e-05
8.8468e-06
-3.64572e-05
-3.2004e-05
-3.68726e-05
-8.10717e-05
5.0189200000000004e-05
-6.1862e-05
0.0001225193
1.73942e-05
-2.725e-06
9.928200000000001e-06
5.8280200000000005e-05
0.00014283459999999998
0.00020684240000000002
0.00011705319999999999
0.0001351127
0.0001457207
8.69377e-05
5.680689999999999e-05
2.02499e-05
2.4960500000000003e-05
-1.73335e-05
-6.97166e-05
-4.49646e-05
-0.0001354374
8.66758e-05
-0.00022449
0.00026137169999999996
-1.2516099999999999e-05
-1.95024e-05
2.0524e-06
4.9784700000000005e-05
0.00011159780000000001
0.00011705319999999999
0.0001612269
0.0001450789
0.0001351578
8.80975e-05
6.91322e-05
2.5635300000000002e-05
2.7092199999999998e-05
-2.3753400000000002e-05
-5.65559e-05
-4.2688800000000004e-05
-0.0001191658
0.0001071518
-0.00018411869999999998
0.0001233297
3.07e-06
-1.03856e-05
6.8611e-06
5.35688e-05
0.0001366773
0.0001351127
0.0001450789
0.0001599259
0.0001512447
9.36384e-05
7.27484e-05
2.943e-05
2.35777e-05
-3.77133e-05
-5.47738e-05
-5.84311e-05
-0.0001202026
8.641120000000001e-05
-0.0001607526
0.0001621087
5.47158e-05
1.9224400000000002e-05
2.82271e-05
5.8594499999999996e-05
0.0001144568
0.0001457207
0.0001351578
0.0001512447
0.0001885191
0.0001270341
7.14324e-05
1.72846e-05
3.10083e-05
-2.65147e-05
-8.38615e-05
-8.18991e-05
-0.0001738868
0.00010029510000000001
-0.0002461091
0.0002663452
4.0461e-05
1.70972e-05
1.6466400000000002e-05
3.4476e-05
5.7458100000000005e-05
8.69377e-05
8.80975e-05
9.36384e-05
0.0001270341
0.00011619700000000001
3.70283e-05
-5.563099999999999e-06
1.67406e-05
-9.8677e-06
-5.48358e-05
-6.75866e-05
-9.99749e-05
7.02989e-05
-0.00017532080000000002
0.0001665223
-1.11e-06
-1.3316e-05
-4.4881e-06
2.06057e-05
5.32196e-05
5.680689999999999e-05
6.91322e-05
7.27484e-05
7.14324e-05
3.70283e-05
6.223189999999999e-05
2.63577e-05
9.6923e-06
-2.14617e-05
-3.0851e-05
-2.6301500000000002e-05
-6.41734e-05
4.31845e-05
-6.237770000000001e-05
7.00747e-05
9.0858e-06
4.5502e-06
-6.72e-07
1.17174e-05
2.16238e-05
2.02499e-05
2.5635300000000002e-05
2.943e-05
1.72846e-05
-5.563099999999999e-06
2.63577e-05
4.04186e-05
1.22503e-05
-1.7586500000000002e-05
-1.5391999999999998e-06
-1.6245199999999998e-05
-3.0506599999999997e-05
-4.16887e-05
-2.45315e-05
-2.33525e-05
1.07334e-05
1.0147e-06
3.6363e-06
9.181799999999999e-06
8.8468e-06
2.4960500000000003e-05
2.7092199999999998e-05
2.35777e-05
3.10083e-05
1.67406e-05
9.6923e-06
1.22503e-05
2.20686e-05
1.8843000000000001e-06
-2.0295e-05
-3.682e-06
-5.7863999999999994e-05
3.06339e-05
-0.00010250049999999999
3.0870999999999996e-05
-1.2594500000000001e-05
-9.3676e-06
-1.1155e-05
-1.38297e-05
-3.64572e-05
-1.73335e-05
-2.3753400000000002e-05
-3.77133e-05
-2.65147e-05
-9.8677e-06
-2.14617e-05
-1.7586500000000002e-05
1.8843000000000001e-06
2.71588e-05
-9.784e-07
2.28262e-05
5.3507e-06
2.8422199999999997e-05
4.6886e-06
2.70115e-05
-4.4186499999999994e-05
-2.14092e-05
-3.1606700000000004e-05
-3.79049e-05
-3.2004e-05
-6.97166e-05
-5.65559e-05
-5.47738e-05
-8.38615e-05
-5.48358e-05
-3.0851e-05
-1.5391999999999998e-06
-2.0295e-05
-9.784e-07
7.37846e-05
2.7494e-05
0.0001167627
-8.45162e-05
0.0001481664
-0.0002428191
-8.74718e-05
-6.58272e-05
-4.2787600000000003e-05
-4.26712e-05
-3.68726e-05
-4.49646e-05
-4.2688800000000004e-05
-5.84311e-05
-8.18991e-05
-6.75866e-05
-2.6301500000000002e-05
-1.6245199999999998e-05
-3.682e-06
2.28262e-05
2.7494e-05
0.00010313
5.57336e-05
7.58565e-05
4.30892e-05
1.1098499999999999e-05
-9.247489999999999e-05
-3.48496e-05
-5.47017e-05
-6.79101e-05
-8.10717e-05
-0.0001354374
-0.0001191658
-0.0001202026
-0.0001738868
-9.99749e-05
-6.41734e-05
-3.0506599999999997e-05
-5.7863999999999994e-05
5.3507e-06
0.0001167627
5.57336e-05
0.0003051241
-0.0001841796
0.0003396811
-0.00039778400000000004
-0.0001307651
-0.0001475675
-8.201709999999999e-05
-3.80616e-05
5.0189200000000004e-05
8.66758e-05
0.0001071518
8.641120000000001e-05
0.00010029510000000001
7.02989e-05
4.31845e-05
-4.16887e-05
3.06339e-05
2.8422199999999997e-05
-8.45162e-05
7.58565e-05
-0.0001841796
0.0005687283999999999
-0.000173307
0.0004989826999999999
-0.000121554
-5.07304e-05
-9.19356e-05
-9.93943e-05
-6.1862e-05
-0.00022449
-0.00018411869999999998
-0.0001607526
-0.0002461091
-0.00017532080000000002
-6.237770000000001e-05
-2.45315e-05
-0.00010250049999999999
4.6886e-06
0.0001481664
4.30892e-05
0.0003396811
-0.000173307
0.0008585791000000001
-0.0004414507
-2.0277e-05
-8.11338e-05
4.8166899999999994e-05
9.042780000000001e-05
0.0001225193
0.00026137169999999996
0.0001233297
0.0001621087
0.0002663452
0.0001665223
7.00747e-05
-2.33525e-05
3.0870999999999996e-05
2.70115e-05
-0.0002428191
1.1098499999999999e-05
-0.00039778400000000004
0.0004989826999999999
-0.0004414507
0.0033321822999999996
