  -16.2941
  -16.2940
  -16.2940
  -16.2941
  -16.2940
  -16.2940
  -16.2941
  -16.2940
  -16.2940
  -16.2940
  -16.2941
  -16.2940
  -16.2941
  -16.2940
  -16.2941
  -16.2939
  -16.2939
  -16.2942
  -16.2942
  -16.2941
  -16.2939
  -16.2941
  -16.2940
  -16.2940
  -16.2940
  -16.2941
  -16.2939
  -16.2941
  -16.2942
  -16.2941
  -16.2940
  -16.2939
  -16.2940
  -16.2940
  -16.2940
  -16.2940
  -16.2939
  -16.2940
  -16.2940
  -16.2940
  -16.2941
  -16.2942
  -16.2940
  -16.2941
  -16.2939
  -16.2940
  -16.2940
  -16.2940
  -16.2940
  -16.2939
  -16.2941
  -16.2940
  -16.2942
  -16.2939
  -16.2940
  -16.2941
  -16.2940
  -16.2939
  -16.2940
  -16.2939
  -16.2939
  -16.2942
  -16.2940
  -16.2939
  -16.2941
  -16.2940
  -16.2939
  -16.2941
  -16.2939
  -16.2939
  -16.2940
  -16.2940
  -16.2939
  -16.2940
  -16.2941
  -16.2941
  -16.2940
  -16.2940
  -16.2940
  -16.2940
  -16.2940
  -16.2940
  -16.2941
  -16.2941
  -16.2942
  -16.2942
  -16.2940
  -16.2939
  -16.2939
  -16.2939
  -16.2940
  -16.2941
  -16.2939
  -16.2939
  -16.2940
  -16.2941
  -16.2939
  -16.2938
  -16.2941
  -16.2941
