  -16.3924
  -16.3926
  -16.3929
  -16.3921
  -16.3928
  -16.3924
  -16.3925
  -16.3930
  -16.3930
  -16.3922
  -16.3929
  -16.3928
  -16.3926
  -16.3932
  -16.3926
  -16.3926
  -16.3932
  -16.3924
  -16.3928
  -16.3932
  -16.3926
  -16.3929
  -16.3932
  -16.3926
  -16.3926
  -16.3927
  -16.3929
  -16.3932
  -16.3928
  -16.3928
  -16.3931
  -16.3930
  -16.3924
  -16.3924
  -16.3924
  -16.3932
  -16.3927
  -16.3926
  -16.3931
  -16.3924
  -16.3931
  -16.3928
  -16.3927
  -16.3930
  -16.3929
  -16.3924
  -16.3926
  -16.3929
  -16.3930
  -16.3926
  -16.3927
  -16.3927
  -16.3931
  -16.3927
  -16.3929
  -16.3926
  -16.3928
  -16.3932
  -16.3930
  -16.3930
  -16.3927
  -16.3923
  -16.3929
  -16.3925
  -16.3923
  -16.3924
  -16.3928
  -16.3923
  -16.3927
  -16.3930
  -16.3927
  -16.3930
  -16.3928
  -16.3929
  -16.3928
  -16.3928
  -16.3928
  -16.3930
  -16.3934
  -16.3927
  -16.3925
  -16.3931
  -16.3928
  -16.3928
  -16.3925
  -16.3931
  -16.3928
  -16.3926
  -16.3927
  -16.3929
  -16.3928
  -16.3928
  -16.3928
  -16.3927
  -16.3935
  -16.3933
  -16.3923
  -16.3929
  -16.3929
  -16.3923
