  -16.7611
  -16.7608
  -16.7600
  -16.7616
  -16.7601
  -16.7611
  -16.7613
  -16.7603
  -16.7609
  -16.7611
  -16.7602
  -16.7607
  -16.7608
  -16.7609
  -16.7610
  -16.7608
  -16.7613
  -16.7611
  -16.7608
  -16.7607
  -16.7616
  -16.7602
  -16.7611
  -16.7611
  -16.7611
  -16.7606
  -16.7610
  -16.7605
  -16.7606
  -16.7609
  -16.7612
  -16.7606
  -16.7607
  -16.7606
  -16.7606
  -16.7606
  -16.7608
  -16.7606
  -16.7609
  -16.7612
  -16.7611
  -16.7607
  -16.7612
  -16.7608
  -16.7610
  -16.7609
  -16.7614
  -16.7615
  -16.7605
  -16.7608
  -16.7607
  -16.7612
  -16.7607
  -16.7604
  -16.7611
  -16.7607
  -16.7602
  -16.7599
  -16.7610
  -16.7615
  -16.7609
  -16.7610
  -16.7614
  -16.7619
  -16.7601
  -16.7612
  -16.7611
  -16.7604
  -16.7614
  -16.7611
  -16.7607
  -16.7610
  -16.7606
  -16.7606
  -16.7609
  -16.7605
  -16.7613
  -16.7605
  -16.7615
  -16.7604
  -16.7604
  -16.7608
  -16.7610
  -16.7611
  -16.7613
  -16.7613
  -16.7607
  -16.7611
  -16.7610
  -16.7612
  -16.7607
  -16.7609
  -16.7608
  -16.7611
  -16.7609
  -16.7611
  -16.7604
  -16.7608
  -16.7605
  -16.7604
