  -31.6958
  -31.7054
  -31.6961
  -31.7043
  -31.6970
  -31.6969
  -31.7010
  -31.7000
  -31.7017
  -31.6983
  -31.7028
  -31.6978
  -31.7013
  -31.7002
  -31.6977
  -31.7024
  -31.7048
  -31.6970
  -31.6984
  -31.7008
  -31.6997
  -31.6977
  -31.7049
  -31.6976
  -31.6968
  -31.6987
  -31.6965
  -31.6980
  -31.6990
  -31.6977
  -31.7015
  -31.7025
  -31.7024
  -31.7026
  -31.6935
  -31.7006
  -31.6964
  -31.6987
  -31.6982
  -31.7009
  -31.7020
  -31.7029
  -31.7007
  -31.6977
  -31.7008
  -31.7020
  -31.7012
  -31.7013
  -31.6941
  -31.7009
  -31.7049
  -31.6998
  -31.6983
  -31.7012
  -31.6996
  -31.6998
  -31.7012
  -31.7018
  -31.6998
  -31.7041
  -31.6983
  -31.7006
  -31.7005
  -31.6973
  -31.7029
  -31.6974
  -31.7004
  -31.6986
  -31.6978
  -31.6965
  -31.7063
  -31.6989
  -31.6965
  -31.6986
  -31.6980
  -31.6983
  -31.7025
  -31.7006
  -31.6979
  -31.6972
  -31.7015
  -31.6997
  -31.7021
  -31.6998
  -31.6974
  -31.6989
  -31.6978
  -31.7022
  -31.6986
  -31.6973
  -31.6998
  -31.7055
  -31.7068
  -31.6970
  -31.6947
  -31.7011
  -31.6925
  -31.7015
  -31.6965
  -31.7015
