  -18.0342
  -18.0351
  -18.0354
  -18.0351
  -18.0347
  -18.0350
  -18.0343
  -18.0366
  -18.0344
  -18.0348
  -18.0345
  -18.0343
  -18.0340
  -18.0344
  -18.0361
  -18.0335
  -18.0350
  -18.0345
  -18.0346
  -18.0350
  -18.0358
  -18.0350
  -18.0342
  -18.0345
  -18.0351
  -18.0358
  -18.0352
  -18.0349
  -18.0346
  -18.0342
  -18.0343
  -18.0347
  -18.0349
  -18.0345
  -18.0351
  -18.0347
  -18.0350
  -18.0350
  -18.0346
  -18.0345
  -18.0348
  -18.0349
  -18.0357
  -18.0354
  -18.0350
  -18.0350
  -18.0338
  -18.0351
  -18.0353
  -18.0347
  -18.0354
  -18.0347
  -18.0343
  -18.0346
  -18.0347
  -18.0347
  -18.0356
  -18.0345
  -18.0340
  -18.0341
  -18.0346
  -18.0352
  -18.0353
  -18.0348
  -18.0341
  -18.0348
  -18.0342
  -18.0339
  -18.0351
  -18.0351
  -18.0338
  -18.0344
  -18.0355
  -18.0355
  -18.0345
  -18.0341
  -18.0342
  -18.0357
  -18.0341
  -18.0355
  -18.0349
  -18.0351
  -18.0339
  -18.0347
  -18.0349
  -18.0344
  -18.0342
  -18.0356
  -18.0348
  -18.0355
  -18.0342
  -18.0344
  -18.0352
  -18.0344
  -18.0345
  -18.0338
  -18.0346
  -18.0346
  -18.0347
  -18.0341
