  -17.9334
  -17.9352
  -17.9332
  -17.9350
  -17.9336
  -17.9338
  -17.9347
  -17.9342
  -17.9347
  -17.9338
  -17.9350
  -17.9335
  -17.9348
  -17.9344
  -17.9338
  -17.9346
  -17.9351
  -17.9335
  -17.9340
  -17.9346
  -17.9342
  -17.9339
  -17.9351
  -17.9339
  -17.9335
  -17.9341
  -17.9336
  -17.9339
  -17.9340
  -17.9338
  -17.9347
  -17.9349
  -17.9348
  -17.9348
  -17.9331
  -17.9345
  -17.9338
  -17.9342
  -17.9340
  -17.9347
  -17.9348
  -17.9350
  -17.9342
  -17.9335
  -17.9345
  -17.9347
  -17.9345
  -17.9343
  -17.9330
  -17.9344
  -17.9351
  -17.9341
  -17.9339
  -17.9347
  -17.9342
  -17.9343
  -17.9348
  -17.9345
  -17.9343
  -17.9353
  -17.9338
  -17.9345
  -17.9341
  -17.9336
  -17.9351
  -17.9337
  -17.9343
  -17.9340
  -17.9338
  -17.9337
  -17.9356
  -17.9341
  -17.9333
  -17.9341
  -17.9337
  -17.9341
  -17.9349
  -17.9345
  -17.9339
  -17.9338
  -17.9344
  -17.9340
  -17.9346
  -17.9341
  -17.9336
  -17.9342
  -17.9336
  -17.9348
  -17.9340
  -17.9340
  -17.9344
  -17.9351
  -17.9358
  -17.9338
  -17.9332
  -17.9342
  -17.9330
  -17.9345
  -17.9333
  -17.9347
