 -110.9078
 -110.9109
 -110.9068
 -110.9047
 -110.9116
 -110.9114
 -110.9135
 -110.9133
 -110.9101
 -110.9078
 -110.9080
 -110.9087
 -110.9114
 -110.9123
 -110.9128
 -110.9093
 -110.9137
 -110.9108
 -110.9189
 -110.9070
 -110.9059
 -110.9094
 -110.9115
 -110.9136
 -110.9106
 -110.9173
 -110.9171
 -110.9175
 -110.9164
 -110.9063
 -110.9123
 -110.9126
 -110.9023
 -110.9166
 -110.9188
 -110.9091
 -110.9176
 -110.9120
 -110.9088
 -110.9001
 -110.9203
 -110.9097
 -110.9163
 -110.9175
 -110.9150
 -110.9093
 -110.9124
 -110.9081
 -110.9085
 -110.9105
 -110.9060
 -110.8999
 -110.9108
 -110.9152
 -110.9118
 -110.9167
 -110.9177
 -110.9132
 -110.9039
 -110.9057
 -110.9139
 -110.9216
 -110.9108
 -110.9128
 -110.8963
 -110.9130
 -110.9073
 -110.9099
 -110.9182
 -110.9035
 -110.9157
 -110.9082
 -110.9079
 -110.9160
 -110.9083
 -110.9014
 -110.9181
 -110.9087
 -110.9108
 -110.9105
 -110.9125
 -110.9137
 -110.9076
 -110.9088
 -110.9142
 -110.9133
 -110.8998
 -110.9184
 -110.9074
 -110.9078
 -110.9120
 -110.9117
 -110.9111
 -110.9160
 -110.9109
 -110.9076
 -110.9101
 -110.9158
 -110.9121
 -110.9116
