  -16.9396
  -16.9386
  -16.9387
  -16.9389
  -16.9392
  -16.9392
  -16.9389
  -16.9395
  -16.9397
  -16.9389
  -16.9393
  -16.9403
  -16.9389
  -16.9395
  -16.9388
  -16.9389
  -16.9397
  -16.9396
  -16.9393
  -16.9397
  -16.9393
  -16.9395
  -16.9390
  -16.9392
  -16.9396
  -16.9398
  -16.9395
  -16.9394
  -16.9390
  -16.9389
  -16.9396
  -16.9388
  -16.9391
  -16.9396
  -16.9390
  -16.9392
  -16.9398
  -16.9393
  -16.9395
  -16.9385
  -16.9394
  -16.9393
  -16.9393
  -16.9393
  -16.9392
  -16.9389
  -16.9391
  -16.9392
  -16.9390
  -16.9393
  -16.9399
  -16.9396
  -16.9398
  -16.9394
  -16.9392
  -16.9395
  -16.9396
  -16.9395
  -16.9389
  -16.9398
  -16.9386
  -16.9393
  -16.9388
  -16.9393
  -16.9391
  -16.9387
  -16.9386
  -16.9395
  -16.9399
  -16.9396
  -16.9391
  -16.9395
  -16.9391
  -16.9389
  -16.9388
  -16.9385
  -16.9391
  -16.9396
  -16.9393
  -16.9386
  -16.9393
  -16.9383
  -16.9393
  -16.9391
  -16.9386
  -16.9394
  -16.9383
  -16.9389
  -16.9394
  -16.9387
  -16.9396
  -16.9392
  -16.9392
  -16.9394
  -16.9397
  -16.9389
  -16.9387
  -16.9390
  -16.9392
  -16.9391
