#name zcmb    zhel    dz mb        dmb     x1 dx1 color dcolor 3rdvar d3rdvar cov_m_s cov_m_c cov_s_c set ra dec biascor
    0 0.01038 0.01038 0  14.05850  0.20060 0 0 0 0 0 0 0 0 0 0 0 0
    1 0.01082 0.01082 0  14.01600  0.19350 0 0 0 0 0 0 0 0 0 0 0 0
    2 0.01220 0.01220 0  14.46310  0.18120 0 0 0 0 0 0 0 0 0 0 0 0
    3 0.01240 0.01240 0  14.31530  0.17530 0 0 0 0 0 0 0 0 0 0 0 0
    4 0.01268 0.01268 0  14.45080  0.17310 0 0 0 0 0 0 0 0 0 0 0 0
    5 0.01272 0.01272 0  14.26300  0.17710 0 0 0 0 0 0 0 0 0 0 0 0
    6 0.01382 0.01382 0  14.48900  0.15960 0 0 0 0 0 0 0 0 0 0 0 0
    7 0.01402 0.01402 0  14.66420  0.16490 0 0 0 0 0 0 0 0 0 0 0 0
    8 0.01450 0.01450 0  14.96250  0.16160 0 0 0 0 0 0 0 0 0 0 0 0
    9 0.01453 0.01453 0  15.07900  0.15380 0 0 0 0 0 0 0 0 0 0 0 0
   10 0.01473 0.01473 0  14.59520  0.15700 0 0 0 0 0 0 0 0 0 0 0 0
   11 0.01507 0.01507 0  14.61400  0.15480 0 0 0 0 0 0 0 0 0 0 0 0
   12 0.01519 0.01519 0  14.57540  0.15500 0 0 0 0 0 0 0 0 0 0 0 0
   13 0.01531 0.01531 0  14.79180  0.15420 0 0 0 0 0 0 0 0 0 0 0 0
   14 0.01566 0.01566 0  14.48110  0.15090 0 0 0 0 0 0 0 0 0 0 0 0
   15 0.01573 0.01573 0  14.85670  0.19110 0 0 0 0 0 0 0 0 0 0 0 0
   16 0.01629 0.01629 0  15.15560  0.14520 0 0 0 0 0 0 0 0 0 0 0 0
   17 0.01662 0.01662 0  15.00540  0.15300 0 0 0 0 0 0 0 0 0 0 0 0
   18 0.01706 0.01706 0  14.85700  0.17370 0 0 0 0 0 0 0 0 0 0 0 0
   19 0.01725 0.01725 0  14.88840  0.14000 0 0 0 0 0 0 0 0 0 0 0 0
   20 0.01742 0.01742 0  15.13010  0.14330 0 0 0 0 0 0 0 0 0 0 0 0
   21 0.01753 0.01753 0  15.04710  0.13700 0 0 0 0 0 0 0 0 0 0 0 0
   22 0.01764 0.01764 0  14.92190  0.15170 0 0 0 0 0 0 0 0 0 0 0 0
   23 0.01907 0.01907 0  15.41850  0.13500 0 0 0 0 0 0 0 0 0 0 0 0
   24 0.01971 0.01971 0  15.45220  0.15900 0 0 0 0 0 0 0 0 0 0 0 0
   25 0.02023 0.02023 0  15.30040  0.12860 0 0 0 0 0 0 0 0 0 0 0 0
   26 0.02033 0.02033 0  15.28710  0.12930 0 0 0 0 0 0 0 0 0 0 0 0
   27 0.02037 0.02037 0  15.40490  0.14060 0 0 0 0 0 0 0 0 0 0 0 0
   28 0.02069 0.02069 0  15.51350  0.12880 0 0 0 0 0 0 0 0 0 0 0 0
   29 0.02089 0.02089 0  15.40360  0.12720 0 0 0 0 0 0 0 0 0 0 0 0
   30 0.02125 0.02125 0  15.56420  0.12760 0 0 0 0 0 0 0 0 0 0 0 0
   31 0.02170 0.02170 0  15.48780  0.13390 0 0 0 0 0 0 0 0 0 0 0 0
   32 0.02190 0.02190 0  15.51110  0.13200 0 0 0 0 0 0 0 0 0 0 0 0
   33 0.02224 0.02224 0  15.38530  0.12340 0 0 0 0 0 0 0 0 0 0 0 0
   34 0.02247 0.02247 0  15.54660  0.13160 0 0 0 0 0 0 0 0 0 0 0 0
   35 0.02333 0.02333 0  15.60760  0.13100 0 0 0 0 0 0 0 0 0 0 0 0
   36 0.02348 0.02348 0  15.61680  0.12770 0 0 0 0 0 0 0 0 0 0 0 0
   37 0.02386 0.02386 0  15.68920  0.12890 0 0 0 0 0 0 0 0 0 0 0 0
   38 0.02400 0.02400 0  15.81830  0.12440 0 0 0 0 0 0 0 0 0 0 0 0
   39 0.02413 0.02413 0  15.66190  0.12700 0 0 0 0 0 0 0 0 0 0 0 0
   40 0.02454 0.02454 0  15.57620  0.12500 0 0 0 0 0 0 0 0 0 0 0 0
   41 0.02526 0.02526 0  15.83830  0.11420 0 0 0 0 0 0 0 0 0 0 0 0
   42 0.02532 0.02532 0  15.79690  0.12940 0 0 0 0 0 0 0 0 0 0 0 0
   43 0.02546 0.02546 0  15.86900  0.11770 0 0 0 0 0 0 0 0 0 0 0 0
   44 0.02613 0.02613 0  15.79710  0.12780 0 0 0 0 0 0 0 0 0 0 0 0
   45 0.02652 0.02652 0  16.04760  0.12160 0 0 0 0 0 0 0 0 0 0 0 0
   46 0.02753 0.02753 0  15.99510  0.12010 0 0 0 0 0 0 0 0 0 0 0 0
   47 0.02754 0.02754 0  16.13170  0.13070 0 0 0 0 0 0 0 0 0 0 0 0
   48 0.02763 0.02763 0  16.18860  0.11270 0 0 0 0 0 0 0 0 0 0 0 0
   49 0.02813 0.02813 0  16.35910  0.11570 0 0 0 0 0 0 0 0 0 0 0 0
   50 0.02837 0.02837 0  16.09280  0.11830 0 0 0 0 0 0 0 0 0 0 0 0
   51 0.02841 0.02841 0  16.03560  0.12980 0 0 0 0 0 0 0 0 0 0 0 0
   52 0.02882 0.02882 0  16.09630  0.11780 0 0 0 0 0 0 0 0 0 0 0 0
   53 0.02894 0.02894 0  16.09490  0.12060 0 0 0 0 0 0 0 0 0 0 0 0
   54 0.02951 0.02951 0  16.33740  0.11800 0 0 0 0 0 0 0 0 0 0 0 0
   55 0.02988 0.02988 0  16.26130  0.11500 0 0 0 0 0 0 0 0 0 0 0 0
   56 0.03002 0.03002 0  16.15990  0.11120 0 0 0 0 0 0 0 0 0 0 0 0
   57 0.03163 0.03163 0  16.38970  0.11820 0 0 0 0 0 0 0 0 0 0 0 0
   58 0.03168 0.03168 0  16.23140  0.11270 0 0 0 0 0 0 0 0 0 0 0 0
   59 0.03179 0.03179 0  16.26090  0.12410 0 0 0 0 0 0 0 0 0 0 0 0
   60 0.03181 0.03181 0  16.43030  0.11700 0 0 0 0 0 0 0 0 0 0 0 0
   61 0.03185 0.03185 0  16.39440  0.11760 0 0 0 0 0 0 0 0 0 0 0 0
   62 0.03192 0.03192 0  16.62750  0.11180 0 0 0 0 0 0 0 0 0 0 0 0
   63 0.03270 0.03270 0  16.35960  0.11270 0 0 0 0 0 0 0 0 0 0 0 0
   64 0.03282 0.03282 0  16.67380  0.11370 0 0 0 0 0 0 0 0 0 0 0 0
   65 0.03295 0.03295 0  16.44830  0.11460 0 0 0 0 0 0 0 0 0 0 0 0
   66 0.03315 0.03315 0  16.38780  0.11670 0 0 0 0 0 0 0 0 0 0 0 0
   67 0.03340 0.03340 0  16.31110  0.12230 0 0 0 0 0 0 0 0 0 0 0 0
   68 0.03361 0.03361 0  16.61140  0.10240 0 0 0 0 0 0 0 0 0 0 0 0
   69 0.03403 0.03403 0  16.37040  0.10720 0 0 0 0 0 0 0 0 0 0 0 0
   70 0.03408 0.03408 0  16.39390  0.11810 0 0 0 0 0 0 0 0 0 0 0 0
   71 0.03411 0.03411 0  16.55340  0.11190 0 0 0 0 0 0 0 0 0 0 0 0
   72 0.03436 0.03436 0  16.59020  0.11500 0 0 0 0 0 0 0 0 0 0 0 0
   73 0.03438 0.03438 0  16.57040  0.11400 0 0 0 0 0 0 0 0 0 0 0 0
   74 0.03643 0.03643 0  16.61610  0.10770 0 0 0 0 0 0 0 0 0 0 0 0
   75 0.03713 0.03713 0  16.67980  0.12650 0 0 0 0 0 0 0 0 0 0 0 0
   76 0.03715 0.03715 0  16.56340  0.11290 0 0 0 0 0 0 0 0 0 0 0 0
   77 0.03753 0.03753 0  16.96200  0.10170 0 0 0 0 0 0 0 0 0 0 0 0
   78 0.03871 0.03871 0  16.83720  0.11670 0 0 0 0 0 0 0 0 0 0 0 0
   79 0.03934 0.03934 0  16.79490  0.11950 0 0 0 0 0 0 0 0 0 0 0 0
   80 0.03986 0.03986 0  16.73650  0.11000 0 0 0 0 0 0 0 0 0 0 0 0
   81 0.04031 0.04031 0  16.86900  0.10890 0 0 0 0 0 0 0 0 0 0 0 0
   82 0.04069 0.04069 0  16.75670  0.10220 0 0 0 0 0 0 0 0 0 0 0 0
   83 0.04094 0.04094 0  17.02830  0.10790 0 0 0 0 0 0 0 0 0 0 0 0
   84 0.04101 0.04101 0  16.72010  0.11970 0 0 0 0 0 0 0 0 0 0 0 0
   85 0.04159 0.04159 0  16.95600  0.11400 0 0 0 0 0 0 0 0 0 0 0 0
   86 0.04275 0.04275 0  16.90410  0.10800 0 0 0 0 0 0 0 0 0 0 0 0
   87 0.04313 0.04313 0  16.99220  0.09800 0 0 0 0 0 0 0 0 0 0 0 0
   88 0.04346 0.04346 0  16.94900  0.11580 0 0 0 0 0 0 0 0 0 0 0 0
   89 0.04601 0.04601 0  17.26770  0.09540 0 0 0 0 0 0 0 0 0 0 0 0
   90 0.04711 0.04711 0  17.00280  0.12120 0 0 0 0 0 0 0 0 0 0 0 0
   91 0.04714 0.04714 0  17.12790  0.10200 0 0 0 0 0 0 0 0 0 0 0 0
   92 0.04715 0.04715 0  17.18650  0.12130 0 0 0 0 0 0 0 0 0 0 0 0
   93 0.04818 0.04818 0  17.52490  0.10880 0 0 0 0 0 0 0 0 0 0 0 0
   94 0.04950 0.04950 0  17.31400  0.11760 0 0 0 0 0 0 0 0 0 0 0 0
   95 0.05323 0.05323 0  17.58340  0.12630 0 0 0 0 0 0 0 0 0 0 0 0
   96 0.05343 0.05343 0  17.66810  0.13390 0 0 0 0 0 0 0 0 0 0 0 0
   97 0.05452 0.05452 0  17.55500  0.09980 0 0 0 0 0 0 0 0 0 0 0 0
   98 0.05725 0.05725 0  17.64830  0.10020 0 0 0 0 0 0 0 0 0 0 0 0
   99 0.05890 0.05890 0  17.80160  0.10510 0 0 0 0 0 0 0 0 0 0 0 0
  100 0.06117 0.06117 0  17.92550  0.11500 0 0 0 0 0 0 0 0 0 0 0 0
  101 0.06876 0.06876 0  18.20230  0.10320 0 0 0 0 0 0 0 0 0 0 0 0
  102 0.13350 0.13350 0  19.66540  0.11760 0 0 0 0 0 0 0 0 0 0 0 0
  103 0.14140 0.14140 0  19.89160  0.10270 0 0 0 0 0 0 0 0 0 0 0 0
  104 0.14620 0.14620 0  19.96290  0.10440 0 0 0 0 0 0 0 0 0 0 0 0
  105 0.14720 0.14720 0  19.95320  0.09780 0 0 0 0 0 0 0 0 0 0 0 0
  106 0.14780 0.14780 0  19.74690  0.09730 0 0 0 0 0 0 0 0 0 0 0 0
  107 0.14820 0.14820 0  19.76700  0.09790 0 0 0 0 0 0 0 0 0 0 0 0
  108 0.15030 0.15030 0  20.07690  0.11050 0 0 0 0 0 0 0 0 0 0 0 0
  109 0.17240 0.17240 0  20.01570  0.10380 0 0 0 0 0 0 0 0 0 0 0 0
  110 0.17950 0.17950 0  20.30290  0.10470 0 0 0 0 0 0 0 0 0 0 0 0
  111 0.17980 0.17980 0  20.32790  0.10140 0 0 0 0 0 0 0 0 0 0 0 0
  112 0.18040 0.18040 0  20.02390  0.10630 0 0 0 0 0 0 0 0 0 0 0 0
  113 0.18170 0.18170 0  20.44350  0.10210 0 0 0 0 0 0 0 0 0 0 0 0
  114 0.18380 0.18380 0  20.45450  0.09880 0 0 0 0 0 0 0 0 0 0 0 0
  115 0.18440 0.18440 0  20.75160  0.10140 0 0 0 0 0 0 0 0 0 0 0 0
  116 0.18480 0.18480 0  20.49570  0.10350 0 0 0 0 0 0 0 0 0 0 0 0
  117 0.19560 0.19560 0  20.46940  0.10180 0 0 0 0 0 0 0 0 0 0 0 0
  118 0.19810 0.19810 0  20.62790  0.09910 0 0 0 0 0 0 0 0 0 0 0 0
  119 0.19840 0.19840 0  20.28400  0.09890 0 0 0 0 0 0 0 0 0 0 0 0
  120 0.20730 0.20730 0  20.66060  0.12720 0 0 0 0 0 0 0 0 0 0 0 0
  121 0.20750 0.20750 0  20.74320  0.11000 0 0 0 0 0 0 0 0 0 0 0 0
  122 0.21140 0.21140 0  20.78990  0.10980 0 0 0 0 0 0 0 0 0 0 0 0
  123 0.21410 0.21410 0  20.72760  0.10000 0 0 0 0 0 0 0 0 0 0 0 0
  124 0.21710 0.21710 0  20.87760  0.11510 0 0 0 0 0 0 0 0 0 0 0 0
  125 0.21850 0.21850 0  20.99120  0.10590 0 0 0 0 0 0 0 0 0 0 0 0
  126 0.21880 0.21880 0  20.82740  0.12020 0 0 0 0 0 0 0 0 0 0 0 0
  127 0.21950 0.21950 0  20.67670  0.10450 0 0 0 0 0 0 0 0 0 0 0 0
  128 0.22480 0.22480 0  20.90860  0.09530 0 0 0 0 0 0 0 0 0 0 0 0
  129 0.22540 0.22540 0  20.78630  0.10510 0 0 0 0 0 0 0 0 0 0 0 0
  130 0.22800 0.22800 0  20.92940  0.09950 0 0 0 0 0 0 0 0 0 0 0 0
  131 0.22910 0.22910 0  20.95430  0.10190 0 0 0 0 0 0 0 0 0 0 0 0
  132 0.23120 0.23120 0  20.85650  0.09880 0 0 0 0 0 0 0 0 0 0 0 0
  133 0.23190 0.23190 0  20.77680  0.10710 0 0 0 0 0 0 0 0 0 0 0 0
  134 0.23360 0.23360 0  20.86320  0.12030 0 0 0 0 0 0 0 0 0 0 0 0
  135 0.23370 0.23370 0  20.99660  0.09980 0 0 0 0 0 0 0 0 0 0 0 0
  136 0.23500 0.23500 0  21.05020  0.09620 0 0 0 0 0 0 0 0 0 0 0 0
  137 0.23510 0.23510 0  20.92800  0.10790 0 0 0 0 0 0 0 0 0 0 0 0
  138 0.23710 0.23710 0  20.91160  0.11670 0 0 0 0 0 0 0 0 0 0 0 0
  139 0.24910 0.24910 0  20.98550  0.09880 0 0 0 0 0 0 0 0 0 0 0 0
  140 0.24910 0.24910 0  21.13580  0.10350 0 0 0 0 0 0 0 0 0 0 0 0
  141 0.25600 0.25600 0  21.33460  0.11730 0 0 0 0 0 0 0 0 0 0 0 0
  142 0.25850 0.25850 0  21.23140  0.10430 0 0 0 0 0 0 0 0 0 0 0 0
  143 0.25910 0.25910 0  21.25200  0.10580 0 0 0 0 0 0 0 0 0 0 0 0
  144 0.25910 0.25910 0  21.12760  0.10160 0 0 0 0 0 0 0 0 0 0 0 0
  145 0.25950 0.25950 0  21.20890  0.09540 0 0 0 0 0 0 0 0 0 0 0 0
  146 0.26630 0.26630 0  21.27600  0.11130 0 0 0 0 0 0 0 0 0 0 0 0
  147 0.26840 0.26840 0  21.26080  0.11350 0 0 0 0 0 0 0 0 0 0 0 0
  148 0.27780 0.27780 0  21.61490  0.10080 0 0 0 0 0 0 0 0 0 0 0 0
  149 0.27900 0.27900 0  21.35750  0.09740 0 0 0 0 0 0 0 0 0 0 0 0
  150 0.28810 0.28810 0  21.45270  0.11640 0 0 0 0 0 0 0 0 0 0 0 0
  151 0.28830 0.28830 0  21.49770  0.10200 0 0 0 0 0 0 0 0 0 0 0 0
  152 0.28900 0.28900 0  21.47960  0.11070 0 0 0 0 0 0 0 0 0 0 0 0
  153 0.28900 0.28900 0  21.44700  0.09630 0 0 0 0 0 0 0 0 0 0 0 0
  154 0.28970 0.28970 0  21.44120  0.14010 0 0 0 0 0 0 0 0 0 0 0 0
  155 0.29190 0.29190 0  21.52260  0.10610 0 0 0 0 0 0 0 0 0 0 0 0
  156 0.29200 0.29200 0  21.53930  0.11480 0 0 0 0 0 0 0 0 0 0 0 0
  157 0.29490 0.29490 0  21.52550  0.10190 0 0 0 0 0 0 0 0 0 0 0 0
  158 0.29690 0.29690 0  21.50180  0.11070 0 0 0 0 0 0 0 0 0 0 0 0
  159 0.30250 0.30250 0  21.53740  0.13850 0 0 0 0 0 0 0 0 0 0 0 0
  160 0.30470 0.30470 0  21.54740  0.10190 0 0 0 0 0 0 0 0 0 0 0 0
  161 0.30480 0.30480 0  21.82350  0.10090 0 0 0 0 0 0 0 0 0 0 0 0
  162 0.30710 0.30710 0  21.71460  0.10940 0 0 0 0 0 0 0 0 0 0 0 0
  163 0.30880 0.30880 0  21.74630  0.10780 0 0 0 0 0 0 0 0 0 0 0 0
  164 0.31040 0.31040 0  21.44560  0.11450 0 0 0 0 0 0 0 0 0 0 0 0
  165 0.31170 0.31170 0  21.82150  0.10820 0 0 0 0 0 0 0 0 0 0 0 0
  166 0.31190 0.31190 0  21.72540  0.09760 0 0 0 0 0 0 0 0 0 0 0 0
  167 0.31210 0.31210 0  21.73570  0.12080 0 0 0 0 0 0 0 0 0 0 0 0
  168 0.31250 0.31250 0  21.72310  0.10880 0 0 0 0 0 0 0 0 0 0 0 0
  169 0.31350 0.31350 0  21.75730  0.12530 0 0 0 0 0 0 0 0 0 0 0 0
  170 0.31890 0.31890 0  21.85490  0.12190 0 0 0 0 0 0 0 0 0 0 0 0
  171 0.31950 0.31950 0  21.80510  0.09710 0 0 0 0 0 0 0 0 0 0 0 0
  172 0.32220 0.32220 0  21.60700  0.09340 0 0 0 0 0 0 0 0 0 0 0 0
  173 0.32570 0.32570 0  21.83040  0.09360 0 0 0 0 0 0 0 0 0 0 0 0
  174 0.32620 0.32620 0  21.84140  0.10180 0 0 0 0 0 0 0 0 0 0 0 0
  175 0.32860 0.32860 0  21.84740  0.10380 0 0 0 0 0 0 0 0 0 0 0 0
  176 0.32910 0.32910 0  21.83580  0.09180 0 0 0 0 0 0 0 0 0 0 0 0
  177 0.32990 0.32990 0  21.88240  0.09270 0 0 0 0 0 0 0 0 0 0 0 0
  178 0.33060 0.33060 0  21.94600  0.09510 0 0 0 0 0 0 0 0 0 0 0 0
  179 0.33240 0.33240 0  21.75400  0.10290 0 0 0 0 0 0 0 0 0 0 0 0
  180 0.33350 0.33350 0  21.78400  0.09260 0 0 0 0 0 0 0 0 0 0 0 0
  181 0.33350 0.33350 0  21.80550  0.11010 0 0 0 0 0 0 0 0 0 0 0 0
  182 0.33550 0.33550 0  21.81990  0.10750 0 0 0 0 0 0 0 0 0 0 0 0
  183 0.33760 0.33760 0  21.94550  0.09600 0 0 0 0 0 0 0 0 0 0 0 0
  184 0.33890 0.33890 0  21.88810  0.12580 0 0 0 0 0 0 0 0 0 0 0 0
  185 0.34160 0.34160 0  22.04160  0.11240 0 0 0 0 0 0 0 0 0 0 0 0
  186 0.34440 0.34440 0  21.97920  0.12230 0 0 0 0 0 0 0 0 0 0 0 0
  187 0.34920 0.34920 0  22.06430  0.11060 0 0 0 0 0 0 0 0 0 0 0 0
  188 0.34930 0.34930 0  22.13420  0.10930 0 0 0 0 0 0 0 0 0 0 0 0
  189 0.35020 0.35020 0  21.99340  0.09280 0 0 0 0 0 0 0 0 0 0 0 0
  190 0.35770 0.35770 0  22.13880  0.11320 0 0 0 0 0 0 0 0 0 0 0 0
  191 0.36000 0.36000 0  22.06390  0.10730 0 0 0 0 0 0 0 0 0 0 0 0
  192 0.36270 0.36270 0  22.00270  0.12910 0 0 0 0 0 0 0 0 0 0 0 0
  193 0.36350 0.36350 0  22.07840  0.12430 0 0 0 0 0 0 0 0 0 0 0 0
  194 0.36690 0.36690 0  21.96200  0.10880 0 0 0 0 0 0 0 0 0 0 0 0
  195 0.36800 0.36800 0  22.28850  0.18880 0 0 0 0 0 0 0 0 0 0 0 0
  196 0.36890 0.36890 0  22.02300  0.12160 0 0 0 0 0 0 0 0 0 0 0 0
  197 0.36900 0.36900 0  22.31010  0.11960 0 0 0 0 0 0 0 0 0 0 0 0
  198 0.38000 0.38000 0  22.22220  0.10360 0 0 0 0 0 0 0 0 0 0 0 0
  199 0.38130 0.38130 0  22.17650  0.12190 0 0 0 0 0 0 0 0 0 0 0 0
  200 0.38290 0.38290 0  22.10700  0.14760 0 0 0 0 0 0 0 0 0 0 0 0
  201 0.38400 0.38400 0  22.29310  0.12330 0 0 0 0 0 0 0 0 0 0 0 0
  202 0.38900 0.38900 0  22.19720  0.13570 0 0 0 0 0 0 0 0 0 0 0 0
  203 0.38950 0.38950 0  22.32340  0.11810 0 0 0 0 0 0 0 0 0 0 0 0
  204 0.39510 0.39510 0  22.23030  0.13790 0 0 0 0 0 0 0 0 0 0 0 0
  205 0.39700 0.39700 0  22.03510  0.10400 0 0 0 0 0 0 0 0 0 0 0 0
  206 0.40390 0.40390 0  22.40220  0.13540 0 0 0 0 0 0 0 0 0 0 0 0
  207 0.40650 0.40650 0  22.48300  0.10460 0 0 0 0 0 0 0 0 0 0 0 0
  208 0.40900 0.40900 0  22.49510  0.12710 0 0 0 0 0 0 0 0 0 0 0 0
  209 0.40950 0.40950 0  22.34630  0.11370 0 0 0 0 0 0 0 0 0 0 0 0
  210 0.41070 0.41070 0  22.39060  0.17220 0 0 0 0 0 0 0 0 0 0 0 0
  211 0.41260 0.41260 0  22.60420  0.17070 0 0 0 0 0 0 0 0 0 0 0 0
  212 0.41960 0.41960 0  22.67020  0.10480 0 0 0 0 0 0 0 0 0 0 0 0
  213 0.42100 0.42100 0  22.24740  0.11250 0 0 0 0 0 0 0 0 0 0 0 0
  214 0.42240 0.42240 0  22.48600  0.16610 0 0 0 0 0 0 0 0 0 0 0 0
  215 0.42390 0.42390 0  22.47800  0.10020 0 0 0 0 0 0 0 0 0 0 0 0
  216 0.42540 0.42540 0  22.46360  0.13200 0 0 0 0 0 0 0 0 0 0 0 0
  217 0.42590 0.42590 0  22.53900  0.14100 0 0 0 0 0 0 0 0 0 0 0 0
  218 0.42890 0.42890 0  22.61830  0.13680 0 0 0 0 0 0 0 0 0 0 0 0
  219 0.43800 0.43800 0  22.60230  0.13040 0 0 0 0 0 0 0 0 0 0 0 0
  220 0.43800 0.43800 0  22.41130  0.10630 0 0 0 0 0 0 0 0 0 0 0 0
  221 0.43880 0.43880 0  22.27320  0.11090 0 0 0 0 0 0 0 0 0 0 0 0
  222 0.44020 0.44020 0  22.44180  0.12570 0 0 0 0 0 0 0 0 0 0 0 0
  223 0.44250 0.44250 0  22.67070  0.11010 0 0 0 0 0 0 0 0 0 0 0 0
  224 0.44890 0.44890 0  22.68090  0.13660 0 0 0 0 0 0 0 0 0 0 0 0
  225 0.44900 0.44900 0  22.76280  0.12510 0 0 0 0 0 0 0 0 0 0 0 0
  226 0.44940 0.44940 0  22.60640  0.16890 0 0 0 0 0 0 0 0 0 0 0 0
  227 0.45350 0.45350 0  22.65970  0.10370 0 0 0 0 0 0 0 0 0 0 0 0
  228 0.45490 0.45490 0  22.56910  0.13700 0 0 0 0 0 0 0 0 0 0 0 0
  229 0.45880 0.45880 0  22.77550  0.17890 0 0 0 0 0 0 0 0 0 0 0 0
  230 0.45960 0.45960 0  22.57780  0.11290 0 0 0 0 0 0 0 0 0 0 0 0
  231 0.46780 0.46780 0  22.56440  0.12210 0 0 0 0 0 0 0 0 0 0 0 0
  232 0.47950 0.47950 0  22.79340  0.12420 0 0 0 0 0 0 0 0 0 0 0 0
  233 0.49250 0.49250 0  23.09670  0.16430 0 0 0 0 0 0 0 0 0 0 0 0
  234 0.49290 0.49290 0  22.92670  0.18490 0 0 0 0 0 0 0 0 0 0 0 0
  235 0.49560 0.49560 0  22.93510  0.09650 0 0 0 0 0 0 0 0 0 0 0 0
  236 0.49890 0.49890 0  22.82790  0.11650 0 0 0 0 0 0 0 0 0 0 0 0
  237 0.49930 0.49930 0  22.85100  0.11130 0 0 0 0 0 0 0 0 0 0 0 0
  238 0.50270 0.50270 0  22.94130  0.13880 0 0 0 0 0 0 0 0 0 0 0 0
  239 0.50800 0.50800 0  22.92910  0.10180 0 0 0 0 0 0 0 0 0 0 0 0
  240 0.50890 0.50890 0  22.84610  0.12620 0 0 0 0 0 0 0 0 0 0 0 0
  241 0.51880 0.51880 0  22.97640  0.14380 0 0 0 0 0 0 0 0 0 0 0 0
  242 0.52390 0.52390 0  23.03720  0.18010 0 0 0 0 0 0 0 0 0 0 0 0
  243 0.52610 0.52610 0  22.93820  0.12820 0 0 0 0 0 0 0 0 0 0 0 0
  244 0.52940 0.52940 0  23.07670  0.09670 0 0 0 0 0 0 0 0 0 0 0 0
  245 0.53090 0.53090 0  23.31060  0.21250 0 0 0 0 0 0 0 0 0 0 0 0
  246 0.53340 0.53340 0  22.78860  0.14010 0 0 0 0 0 0 0 0 0 0 0 0
  247 0.53940 0.53940 0  23.14620  0.14500 0 0 0 0 0 0 0 0 0 0 0 0
  248 0.55880 0.55880 0  23.12050  0.14730 0 0 0 0 0 0 0 0 0 0 0 0
  249 0.56380 0.56380 0  23.28790  0.15560 0 0 0 0 0 0 0 0 0 0 0 0
  250 0.56390 0.56390 0  23.18620  0.16840 0 0 0 0 0 0 0 0 0 0 0 0
  251 0.56490 0.56490 0  23.18180  0.13060 0 0 0 0 0 0 0 0 0 0 0 0
  252 0.56880 0.56880 0  23.05910  0.13060 0 0 0 0 0 0 0 0 0 0 0 0
  253 0.57870 0.57870 0  23.13430  0.24680 0 0 0 0 0 0 0 0 0 0 0 0
  254 0.57880 0.57880 0  23.35500  0.14780 0 0 0 0 0 0 0 0 0 0 0 0
  255 0.57880 0.57880 0  23.48510  0.14880 0 0 0 0 0 0 0 0 0 0 0 0
  256 0.58380 0.58380 0  23.18700  0.12410 0 0 0 0 0 0 0 0 0 0 0 0
  257 0.59800 0.59800 0  23.58140  0.25350 0 0 0 0 0 0 0 0 0 0 0 0
  258 0.60770 0.60770 0  23.39560  0.16930 0 0 0 0 0 0 0 0 0 0 0 0
  259 0.60870 0.60870 0  23.43610  0.14700 0 0 0 0 0 0 0 0 0 0 0 0
  260 0.60880 0.60880 0  23.22090  0.20300 0 0 0 0 0 0 0 0 0 0 0 0
  261 0.61170 0.61170 0  23.51050  0.11670 0 0 0 0 0 0 0 0 0 0 0 0
  262 0.61870 0.61870 0  23.75140  0.24390 0 0 0 0 0 0 0 0 0 0 0 0
  263 0.61940 0.61940 0  23.48300  0.16220 0 0 0 0 0 0 0 0 0 0 0 0
  264 0.63390 0.63390 0  23.46110  0.08530 0 0 0 0 0 0 0 0 0 0 0 0
  265 0.63870 0.63870 0  23.63970  0.16170 0 0 0 0 0 0 0 0 0 0 0 0
  266 0.63930 0.63930 0  23.54480  0.10290 0 0 0 0 0 0 0 0 0 0 0 0
  267 0.64760 0.64760 0  23.77290  0.15300 0 0 0 0 0 0 0 0 0 0 0 0
  268 0.64880 0.64880 0  23.68460  0.10570 0 0 0 0 0 0 0 0 0 0 0 0
  269 0.68940 0.68940 0  23.81130  0.10100 0 0 0 0 0 0 0 0 0 0 0 0
  270 0.68940 0.68940 0  23.58930  0.10110 0 0 0 0 0 0 0 0 0 0 0 0
  271 0.69930 0.69930 0  23.90890  0.10530 0 0 0 0 0 0 0 0 0 0 0 0
  272 0.71960 0.71960 0  24.09440  0.16580 0 0 0 0 0 0 0 0 0 0 0 0
  273 0.76930 0.76930 0  24.04830  0.12210 0 0 0 0 0 0 0 0 0 0 0 0
  274 0.78930 0.78930 0  24.03950  0.11590 0 0 0 0 0 0 0 0 0 0 0 0
