#name zcmb    zhel    dz mb        dmb     x1 dx1 color dcolor 3rdvar d3rdvar cov_m_s cov_m_c cov_s_c set ra dec biascor
    0 0.01540 0.01540 0  14.81460  0.03130 0 0 0 0 0 0 0 0 0 0 0 0
    1 0.02500 0.02500 0  15.85070  0.02220 0 0 0 0 0 0 0 0 0 0 0 0
    2 0.03540 0.03540 0  16.58980  0.02090 0 0 0 0 0 0 0 0 0 0 0 0
    3 0.04620 0.04620 0  17.17440  0.03220 0 0 0 0 0 0 0 0 0 0 0 0
    4 0.05940 0.05940 0  17.71820  0.04950 0 0 0 0 0 0 0 0 0 0 0 0
    5 0.06880 0.06880 0  18.19770  0.11140 0 0 0 0 0 0 0 0 0 0 0 0
    6 0.10440 0.10440 0  18.96550  0.12250 0 0 0 0 0 0 0 0 0 0 0 0
    7 0.14520 0.14520 0  19.86330  0.04270 0 0 0 0 0 0 0 0 0 0 0 0
    8 0.17240 0.17240 0  20.00650  0.11380 0 0 0 0 0 0 0 0 0 0 0 0
    9 0.18620 0.18620 0  20.44700  0.03610 0 0 0 0 0 0 0 0 0 0 0 0
   10 0.21490 0.21490 0  20.75170  0.03340 0 0 0 0 0 0 0 0 0 0 0 0
   11 0.24220 0.24220 0  21.02630  0.02730 0 0 0 0 0 0 0 0 0 0 0 0
   12 0.28450 0.28450 0  21.44230  0.03180 0 0 0 0 0 0 0 0 0 0 0 0
   13 0.32550 0.32550 0  21.81690  0.02020 0 0 0 0 0 0 0 0 0 0 0 0
   14 0.38280 0.38280 0  22.21020  0.02710 0 0 0 0 0 0 0 0 0 0 0 0
   15 0.45220 0.45220 0  22.62410  0.02540 0 0 0 0 0 0 0 0 0 0 0 0
   16 0.55500 0.55500 0  23.15450  0.02910 0 0 0 0 0 0 0 0 0 0 0 0
   17 0.68860 0.68860 0  23.75550  0.03410 0 0 0 0 0 0 0 0 0 0 0 0
