   -9.8069
   -9.9377
   -9.8743
   -9.7426
   -9.7744
  -10.0533
   -9.8550
   -9.9596
   -9.9493
   -9.8923
   -9.9134
   -9.7769
   -9.8406
   -9.8990
   -9.8613
   -9.8667
   -9.7452
   -9.9095
   -9.8522
   -9.9633
  -10.1277
   -9.8015
   -9.7748
   -9.9300
   -9.6232
   -9.9901
   -9.8345
   -9.8523
   -9.6747
   -9.6755
   -9.8014
   -9.7735
   -9.8946
   -9.9983
   -9.8295
   -9.7735
   -9.6606
   -9.6578
   -9.8112
   -9.7972
   -9.8663
   -9.8979
   -9.9209
   -9.5497
   -9.7902
   -9.7775
   -9.8534
   -9.6448
   -9.8784
   -9.7327
   -9.7955
   -9.6617
   -9.7459
   -9.8073
   -9.6865
   -9.6353
   -9.6660
   -9.6368
   -9.7249
   -9.6922
   -9.7177
   -9.6808
   -9.7206
   -9.8064
   -9.6105
   -9.6628
   -9.7801
   -9.5653
   -9.6967
   -9.5952
   -9.5220
   -9.5764
   -9.4698
   -9.7017
   -9.5324
   -9.6356
   -9.6486
   -9.6139
   -9.5816
   -9.5393
   -9.6559
   -9.4437
   -9.4817
   -9.6763
   -9.3683
   -9.3220
   -9.3881
   -9.5185
   -9.6020
   -9.3839
   -9.5241
   -9.3560
   -9.4519
   -9.3695
   -9.4259
   -9.3854
   -9.4494
   -9.2663
   -9.4267
   -9.3936
   -9.2399
   -9.5575
   -9.5442
   -9.3146
   -9.5233
   -9.2061
   -9.4363
   -9.4641
   -9.1915
   -9.2302
   -9.1859
   -9.2765
   -9.4477
   -9.1650
   -9.3772
   -9.2646
   -9.2446
   -9.3493
   -9.2668
   -9.2304
   -9.2794
   -9.4215
   -9.2761
   -9.1678
   -9.3643
   -9.3043
   -9.3272
   -9.0932
   -9.2054
   -9.2263
   -9.3385
   -9.2020
   -9.3178
   -9.2416
   -9.3028
   -9.1660
   -9.1705
   -9.2434
   -9.1774
   -9.3207
   -9.3550
   -9.1564
   -9.1781
   -9.1257
   -8.9453
   -9.0836
   -9.2638
   -9.0552
   -9.2930
   -9.2020
   -9.1571
   -8.9733
   -9.2136
   -9.2162
   -9.1378
   -9.1888
   -9.0042
   -9.2193
   -9.2205
   -9.1439
   -9.1444
   -8.8961
   -8.9885
   -9.0691
   -9.1949
   -8.9823
   -9.1612
   -9.2101
   -8.9313
   -9.0128
   -8.9468
   -9.0015
   -8.9421
   -9.0873
   -9.1201
   -8.9429
   -9.0859
   -9.0689
   -9.0399
   -8.9871
   -9.0187
   -9.1152
   -9.0365
   -9.1889
   -8.8985
   -9.1156
   -9.0603
   -8.9391
   -9.0127
   -8.7788
   -9.0568
   -8.8953
   -8.9204
   -9.0277
   -8.8530
   -8.9169
   -8.8170
   -8.8062
   -8.6667
   -8.7438
   -8.9088
   -8.8902
   -8.7507
   -8.7896
   -8.7856
   -9.0057
   -8.8409
   -8.9066
   -8.7993
   -8.8315
   -8.7251
   -8.7788
   -8.7263
   -8.8460
   -8.8883
   -8.8293
   -8.7844
   -8.7392
   -8.5456
   -8.7702
   -8.8560
   -8.7894
   -8.7956
   -8.6955
   -8.8922
   -8.7262
   -8.7113
   -8.6981
   -8.7755
   -8.7340
   -8.8470
   -8.7484
   -8.7478
   -8.6463
   -8.7979
   -8.5986
   -8.5217
   -8.8726
   -8.6174
   -8.5867
   -8.7126
   -8.6830
   -8.6510
   -8.6619
   -8.6574
   -8.7885
   -8.5001
   -8.5018
   -8.6855
   -8.7453
   -8.5409
   -8.6450
   -8.5677
   -8.6082
   -8.5016
   -8.4957
   -8.6321
   -8.6923
   -8.7067
   -8.4818
   -8.6561
   -8.5823
   -8.5857
   -8.5257
   -8.7085
   -8.4904
   -8.4513
   -8.4893
   -8.5236
   -8.4772
   -8.4415
   -8.7531
   -8.2746
   -8.4256
   -8.5243
   -8.4926
   -8.3985
   -8.4539
   -8.6398
   -8.2247
   -8.4366
   -8.3179
   -8.4836
   -8.2551
   -8.3745
   -8.3367
   -8.4965
   -8.2653
   -8.3118
   -8.2450
   -8.4325
   -8.4122
   -8.1281
   -8.4589
   -8.3609
   -8.2280
   -8.3263
   -8.2722
   -8.3649
   -8.2823
   -8.4444
   -8.1423
   -8.3144
   -8.3650
   -8.2247
   -8.3319
   -8.4136
   -8.4093
   -8.1996
   -8.2794
   -8.2712
   -8.1445
   -8.3593
   -8.3141
   -8.2739
   -8.2204
   -8.2285
   -8.2474
   -8.2192
   -8.2182
   -8.2738
   -8.2776
   -8.1632
   -8.2742
   -8.2952
   -8.2051
   -8.1841
   -7.9370
   -8.2276
   -8.0572
   -8.0712
   -8.2592
   -8.0574
   -8.2475
   -8.3894
   -8.0573
   -8.2879
   -8.0616
   -8.1695
   -7.9296
   -7.9831
   -8.1297
   -8.1475
   -8.1945
   -8.1116
   -8.0900
   -8.0928
   -8.0350
   -7.9873
   -8.0045
   -8.1103
   -8.1721
   -7.8862
   -8.0860
   -8.0767
   -8.0580
   -8.1846
   -8.0425
   -8.0370
   -7.9214
   -7.9080
   -7.9719
   -7.8735
   -7.9271
   -7.9570
   -7.9337
   -7.9633
   -7.9781
   -7.9598
   -8.0402
   -7.8938
   -8.0155
   -7.8264
   -7.9299
   -7.8944
   -7.8444
   -7.8238
   -8.0396
   -7.8976
   -7.7833
   -8.0355
   -7.8214
   -8.0800
   -7.9511
   -7.8394
   -8.0033
   -7.9306
   -7.9736
   -7.6560
   -7.7988
   -7.7529
   -7.8263
   -7.8337
   -7.9544
   -7.8163
   -7.8577
   -7.6901
   -7.6562
   -7.6180
   -7.6738
   -7.8133
   -7.8594
   -7.6656
   -7.7010
   -7.9078
   -7.6898
   -7.6383
   -7.7082
   -7.7270
   -7.7837
   -7.8419
   -7.6116
   -7.7170
   -7.7038
   -7.5015
   -7.6007
   -7.6265
   -7.6437
   -7.5003
   -7.4747
   -7.5481
   -7.5772
   -7.8393
   -7.6119
   -7.6316
   -7.6036
   -7.5131
   -7.8757
   -7.6530
   -7.5635
   -7.6315
   -7.7209
   -7.4867
   -7.5403
   -7.6595
   -7.5253
   -7.4690
   -7.5450
   -7.4598
   -7.5264
   -7.5681
   -7.6389
   -7.5259
   -7.4923
   -7.4185
   -7.5120
   -7.4491
   -7.5857
   -7.5618
   -7.4890
   -7.5778
   -7.3847
   -7.4147
   -7.4275
   -7.4159
   -7.2421
   -7.4854
   -7.6530
   -7.4073
   -7.4267
   -7.4678
   -7.5083
   -7.4487
   -7.3810
   -7.4437
   -7.1466
   -7.4782
   -7.4559
   -7.5998
   -7.3401
   -7.5613
   -7.4080
   -7.3759
   -7.4137
   -7.1632
   -7.2320
   -7.1939
   -7.4084
   -7.2017
   -7.2593
   -7.2261
   -7.1947
   -7.3829
   -7.3288
   -7.1945
   -7.5406
   -7.1181
   -7.2085
   -7.2627
   -7.2305
   -7.3499
   -7.2762
   -7.1255
   -7.1001
   -6.9547
   -7.2260
   -7.2788
   -7.2588
   -7.3035
   -7.2038
   -7.1521
   -7.1882
   -7.0695
   -7.1969
   -7.2026
   -7.2203
   -7.3198
   -7.3077
   -7.2631
   -7.0094
   -7.0444
   -6.9908
   -7.2558
   -7.3138
   -7.1773
   -7.0881
   -7.0502
   -6.9896
   -7.0603
   -6.9088
   -7.0997
   -7.1631
   -7.2342
   -7.1493
   -7.0306
   -7.1380
   -6.9498
   -6.8966
   -7.2691
   -6.9401
   -7.2448
   -6.9751
   -6.8871
   -6.9974
   -7.1262
   -7.0511
   -7.0131
   -6.9995
   -6.9959
   -6.9809
   -6.9429
   -7.0795
   -6.9771
   -6.7955
   -6.9801
   -6.9803
   -6.8225
   -7.1805
   -6.8008
   -6.9765
   -6.8912
   -6.8923
   -6.8021
   -6.9174
   -6.9528
   -6.7495
   -7.1101
   -6.8659
   -6.9971
   -6.9328
   -6.6498
   -6.8498
   -6.8201
   -7.0121
   -6.9012
   -6.8030
   -6.7815
   -6.7496
   -6.8047
   -6.7472
   -6.7489
   -6.9716
   -6.7792
   -6.7005
   -6.7126
   -6.8023
   -6.8408
   -6.8664
   -6.7620
   -6.6299
   -6.9327
   -6.7978
   -6.8401
   -6.6420
   -6.7702
   -6.7562
   -6.7251
   -6.6532
   -6.7313
   -6.9910
   -6.6264
   -6.6311
   -6.6913
   -6.7721
   -6.6228
   -6.6144
   -6.6936
   -6.6626
   -6.7283
   -6.6474
   -6.7789
   -6.5765
   -6.7070
   -6.5830
   -6.7418
   -6.6545
   -6.6008
   -6.7502
   -6.5669
   -6.6106
   -6.7413
   -6.6917
   -6.4951
   -6.4604
   -6.5575
   -6.4981
   -6.5105
   -6.4942
   -6.3929
   -6.6665
   -6.4425
   -6.5426
   -6.5211
   -6.5232
   -6.5248
   -6.6043
   -6.4576
   -6.3031
   -6.4702
   -6.4590
   -6.5219
   -6.4592
   -6.3951
   -6.4731
   -6.4757
   -6.3843
   -6.5107
   -6.3880
   -6.3255
   -6.2658
   -6.4052
   -6.2537
   -6.2813
   -6.4786
   -6.4951
   -6.3981
   -6.2590
   -6.3634
   -6.4106
   -6.1896
   -6.3104
   -6.5654
   -6.2959
   -6.2700
   -6.2937
   -6.2656
   -6.3116
   -6.4310
   -6.3305
   -6.3823
   -6.3753
   -6.4026
   -6.2253
   -6.2550
   -6.3039
   -6.3183
   -6.2500
   -6.1341
   -6.4367
   -6.1929
   -6.2794
   -6.4076
   -6.4080
   -6.2989
   -6.1800
   -6.1569
   -6.2844
   -6.0831
   -6.0368
   -6.1337
   -6.2268
   -6.0495
   -6.0806
   -6.0637
   -6.2104
   -6.4225
   -5.9216
   -6.2886
   -6.1254
   -5.8780
   -6.0773
   -6.0097
   -6.2491
   -6.2709
   -6.1407
   -5.9726
   -6.1106
   -6.1497
   -6.0447
   -5.9506
   -6.1976
   -6.1684
   -6.1205
   -5.9264
   -6.0066
   -5.8112
   -5.9250
   -6.0164
   -5.8807
   -5.9803
   -6.0662
   -5.9220
   -6.0539
   -6.0075
   -5.8400
   -5.9771
   -6.0416
   -6.0019
   -5.8476
   -5.9993
   -5.9770
   -5.9836
   -5.9084
   -5.9596
   -6.0755
   -5.9983
   -5.9971
   -5.7737
   -5.8110
   -5.8278
   -5.9313
   -5.9566
   -5.9201
   -5.9687
   -5.6081
   -6.0766
   -5.7899
   -5.9690
   -5.8452
   -5.9278
   -5.9410
   -5.9315
   -5.6363
   -5.8193
   -5.8768
   -5.7389
   -5.7877
   -5.7110
   -5.9596
   -5.7411
   -5.6884
   -5.9261
   -5.7094
   -5.5788
   -5.7441
   -5.6547
   -5.6641
   -5.7961
   -5.7156
   -5.8705
   -5.7532
   -5.6757
   -5.6242
   -5.6883
   -5.6130
   -5.7895
   -5.6836
   -5.6657
   -5.4769
   -5.6775
   -5.7002
   -5.6424
   -5.7307
   -5.6137
   -5.6638
   -5.8006
   -5.6216
   -5.6417
   -5.7674
   -5.6051
   -5.4436
   -5.5347
   -5.5198
   -5.7094
   -5.5218
   -5.5488
   -5.5050
   -5.5098
   -5.6823
   -5.5447
   -5.6105
   -5.5340
   -5.6129
   -5.3861
   -5.5975
   -5.5957
   -5.4926
   -5.6019
   -5.5309
   -5.5656
   -5.3357
   -5.3925
   -5.4710
   -5.4986
   -5.3596
   -5.4074
   -5.3923
   -5.4389
   -5.5993
   -5.4359
   -5.4721
   -5.3486
   -5.3061
   -5.4673
   -5.3489
   -5.2163
   -5.4509
   -5.2101
   -5.4577
   -5.3644
   -5.3620
   -5.3539
   -5.4330
   -5.4026
   -5.4044
   -5.2991
   -5.2930
   -5.0976
   -5.1773
   -5.3596
   -5.2703
   -5.1972
   -5.2881
   -5.2923
   -5.2744
   -5.1870
   -5.3527
   -5.2946
   -5.2092
   -5.2193
   -5.2207
   -5.2758
   -5.1357
   -5.0138
   -5.1807
   -5.2348
   -5.1341
   -5.2578
   -5.2730
   -5.1889
   -5.4447
   -5.2959
   -5.2095
   -5.3042
   -5.2663
   -5.2009
   -5.3157
   -5.1862
   -5.1933
   -5.1314
   -5.0126
   -5.1050
   -5.1143
   -5.1006
   -5.0820
   -5.2006
   -5.1045
   -5.0563
   -5.2184
   -4.9890
   -4.9615
   -5.1270
   -5.0821
   -5.1400
   -4.9764
   -5.1466
   -5.0569
   -5.1147
   -5.0178
   -5.1965
   -4.8786
   -5.1018
   -4.9935
   -5.0149
   -5.0640
   -5.0708
   -4.8825
   -5.0228
   -4.9373
   -5.0387
   -5.0174
   -4.8996
   -4.8479
   -4.9527
   -5.0715
   -4.7236
   -5.0032
   -5.0658
   -4.6464
   -4.9404
   -5.0403
   -4.9566
   -4.8456
   -4.8575
   -4.9558
   -4.6825
   -4.9110
   -4.9715
   -4.7511
   -4.7084
   -4.9172
   -4.9697
   -4.7206
   -5.0225
   -4.9346
   -4.7093
   -4.8057
   -4.8207
   -4.7531
   -4.7978
   -4.9065
   -4.6431
   -4.6324
   -4.7385
   -4.7486
   -4.5133
   -4.7690
   -4.7614
   -4.6931
   -4.5765
   -4.5585
   -4.7377
   -4.6752
   -4.8379
   -4.7254
   -4.7724
   -4.7831
   -4.5084
   -4.7499
   -4.7179
   -4.6223
   -4.5232
   -4.5989
   -4.3652
   -4.6427
   -4.6035
   -4.5959
   -4.4740
   -4.5609
   -4.6174
   -4.6946
   -4.5695
   -4.4479
   -4.6231
   -4.5233
   -4.5457
   -4.4780
   -4.6389
   -4.3179
   -4.6746
   -4.5773
   -4.4410
   -4.4992
   -4.4400
   -4.5667
   -4.5186
   -4.5040
   -4.3424
   -4.4243
   -4.4078
   -4.5473
   -4.3787
   -4.4471
   -4.3248
   -4.2564
   -4.4826
   -4.4866
   -4.5264
   -4.4485
   -4.4664
   -4.3863
   -4.4308
   -4.4465
   -4.2980
   -4.4923
   -4.3493
   -4.4272
   -4.3083
   -4.2362
   -4.3991
   -4.3188
   -4.3391
   -4.4309
   -4.3210
   -4.3102
   -4.2919
   -4.3470
   -4.3118
   -4.4301
   -4.3452
   -4.2478
   -4.2082
   -4.3337
   -4.2751
   -4.2568
   -4.2535
   -4.2136
   -4.4435
   -4.2607
   -4.2259
   -4.3439
   -4.0705
   -4.2158
   -4.0696
   -4.2991
   -4.3048
   -4.1856
   -4.3700
   -4.1746
   -4.1804
   -4.0826
   -4.1081
   -4.2140
   -4.2760
   -3.9891
   -4.2335
   -4.2529
   -4.2509
   -4.0247
   -4.1823
   -4.1998
   -4.1047
   -4.1332
   -4.1743
   -4.0251
   -3.9880
   -3.9900
   -4.0059
   -4.0363
   -4.2482
   -3.8977
   -4.0284
   -3.9918
   -3.9351
   -3.8973
   -3.9928
   -3.9851
   -4.0826
   -4.0133
   -4.0961
   -4.0766
   -4.0880
   -4.0083
   -3.8817
   -3.6635
   -3.9557
   -4.1035
   -3.8361
   -3.9867
   -4.0167
   -3.9236
   -4.0627
   -3.9103
   -3.9354
   -3.9107
   -3.8764
   -3.9018
   -3.9009
   -3.8681
   -3.8489
   -3.9876
   -4.0214
   -3.8786
   -4.0097
   -3.8516
   -3.7605
   -3.7876
   -3.9471
   -3.9223
   -3.7974
   -3.8643
   -3.8498
   -3.7524
   -3.9048
   -3.8402
   -3.8740
   -3.8923
   -3.8677
   -3.7082
   -3.7647
   -3.8518
   -3.7809
   -3.9156
   -3.8190
   -3.5247
   -3.7426
   -3.6544
   -3.7281
   -3.6807
   -3.6431
   -3.8138
   -3.7004
   -3.5334
   -3.7648
   -3.7358
   -3.7039
   -3.6401
   -3.6085
   -3.5282
   -3.5989
   -3.6490
   -3.5108
   -3.5603
   -3.7742
   -3.3659
   -3.4355
   -3.6232
   -3.5625
   -3.4618
   -3.6054
   -3.5091
   -3.4656
   -3.6714
   -3.6241
   -3.4657
   -3.5056
   -3.4533
   -3.5528
   -3.5624
   -3.7273
   -3.6359
   -3.5105
   -3.4267
   -3.4499
   -3.5098
   -3.5180
   -3.4631
   -3.4709
   -3.3321
   -3.4519
   -3.6085
   -3.5816
   -3.2963
   -3.5592
   -3.3596
   -3.4567
   -3.4408
   -3.4311
   -3.2895
   -3.4248
   -3.4027
   -3.5464
   -3.3665
   -3.3279
   -3.3510
   -3.2290
   -3.3572
   -3.3267
   -3.1856
   -3.4994
   -3.3838
   -3.1895
   -3.2324
   -3.2520
   -3.2305
   -3.2749
   -3.1383
   -3.2576
   -3.2653
   -3.2672
   -3.2577
   -3.3866
   -3.1877
   -3.2716
   -3.0703
   -3.2539
   -3.1981
   -3.2094
   -3.2905
   -3.1226
   -3.0251
   -3.2110
   -3.2334
   -3.2327
   -3.3803
   -3.2027
   -3.1536
   -3.0671
   -3.0704
   -3.2019
   -3.1818
   -3.0356
   -3.1592
   -3.1867
   -2.9903
   -3.0196
   -3.1153
   -3.1704
   -3.3060
   -3.0397
   -3.1822
   -3.2826
   -2.9217
   -3.0092
   -3.1818
   -3.1831
   -2.9684
   -3.1371
   -2.9135
   -2.9753
   -2.9771
   -2.9841
   -2.9993
   -2.9242
   -3.0515
   -2.9913
   -2.9185
   -2.9312
   -3.1008
   -3.0252
   -2.9437
   -3.0036
   -2.7791
   -2.9897
   -2.9604
   -2.8610
   -2.8987
   -2.9401
   -2.9950
   -2.8830
   -2.8031
   -2.8529
   -2.9724
   -2.7147
   -3.0268
   -3.0342
   -2.7737
   -2.8409
   -2.9123
   -2.9609
   -2.6128
   -2.8269
   -2.7790
   -2.7944
   -2.7765
   -2.7598
   -2.7343
   -2.8389
   -2.8243
   -2.9630
   -2.8607
   -2.7493
   -2.6657
   -2.7041
   -2.7918
   -2.8778
   -3.0230
   -2.6238
   -2.7917
   -2.7714
   -2.7071
   -2.8546
   -2.7428
   -2.4992
   -2.6448
   -2.6532
   -2.8411
   -2.4522
   -2.8126
   -2.4718
   -2.8693
   -2.5110
   -2.4835
   -2.7215
   -2.5905
   -2.5718
   -2.7017
   -2.7589
   -2.7395
   -2.5474
   -2.6037
   -2.6454
   -2.4860
   -2.5256
   -2.6457
   -2.6840
   -2.5053
   -2.6051
   -2.5351
   -2.3811
   -2.4823
   -2.6124
   -2.5039
   -2.6089
   -2.3465
   -2.5572
   -2.4741
   -2.4577
   -2.4663
   -2.6718
   -2.6143
   -2.5086
   -2.4251
   -2.4645
   -2.5402
   -2.5730
   -2.4720
   -2.4724
   -2.3680
   -2.4456
   -2.3464
   -2.4598
   -2.4196
   -2.4225
   -2.4597
   -2.3126
   -2.4502
   -2.4146
   -2.3635
   -2.4796
   -2.3760
   -2.4083
   -2.3697
   -2.3306
   -2.3982
   -2.3339
   -2.1747
   -2.3018
   -2.1784
   -2.2520
   -2.2029
   -2.3514
   -2.2571
   -2.2479
   -2.3162
   -2.3309
   -2.3913
   -2.0863
   -2.3268
   -2.0886
   -2.2636
   -2.2968
   -2.1420
   -2.2610
   -2.1347
   -2.2184
   -2.1308
   -2.2693
   -2.0830
   -2.1109
   -2.2454
   -1.8827
   -2.0867
   -1.9053
   -1.9679
   -2.1405
   -2.1564
   -2.1492
   -2.2855
   -2.1657
   -2.0651
   -1.9308
   -2.1543
   -1.9824
   -2.1895
   -2.1165
   -2.0973
   -2.0079
   -1.9930
   -1.9361
   -1.9489
   -1.9953
   -1.9742
   -1.8480
   -2.0515
   -1.9166
   -2.1685
   -1.9401
   -2.0232
   -1.9682
   -1.8581
   -1.9392
   -1.8608
   -1.7955
   -1.8976
   -1.8130
   -1.9563
   -1.9181
   -1.9631
   -1.8001
   -1.8566
   -1.9423
   -1.8697
   -1.7746
   -1.8763
   -1.9609
   -1.8464
   -2.0512
   -1.7698
   -1.8824
   -1.8808
   -1.7399
   -1.9575
   -1.6199
   -1.8562
   -1.8541
   -1.6932
   -1.7180
   -1.5373
   -1.7971
   -1.7816
   -1.9111
   -1.7899
   -1.8224
   -1.7887
   -1.9118
   -1.5649
   -1.8661
   -1.9983
   -1.8304
   -1.7655
   -1.8136
   -1.5824
   -1.6996
   -1.6768
   -1.6118
   -1.6378
   -1.5621
   -1.7645
   -1.7018
   -1.5740
   -1.8876
   -1.7652
   -1.5711
   -1.6628
   -1.5146
   -1.5209
   -1.7151
   -1.5482
   -1.4622
   -1.5612
   -1.6672
   -1.4750
   -1.4929
   -1.4957
   -1.4719
   -1.8365
   -1.4424
   -1.3432
   -1.4739
   -1.4918
   -1.4350
   -1.4643
   -1.4264
   -1.4850
   -1.5553
   -1.5726
   -1.5655
   -1.5964
   -1.5594
   -1.2700
   -1.3642
   -1.4956
   -1.4657
   -1.4089
   -1.4792
   -1.4004
   -1.3228
   -1.3977
   -1.3540
   -1.2924
   -1.4018
   -1.3396
   -1.3925
   -1.3579
   -1.3810
   -1.3949
   -1.3181
   -1.2723
   -1.3078
   -1.2660
   -1.3831
   -1.4232
   -1.2546
   -1.2210
   -1.2783
   -1.1419
   -1.1794
   -0.9956
   -1.2772
   -1.3504
   -1.3180
   -1.2940
   -1.1833
   -1.4402
   -1.0860
   -1.2352
   -1.2294
   -1.3062
   -1.2031
   -1.1838
   -1.1908
   -1.1381
   -1.2244
   -1.2485
   -1.0975
   -1.1359
   -1.1195
   -1.0268
   -1.2284
   -1.2051
   -0.9873
   -1.2547
   -1.2308
   -1.0115
   -1.0629
   -1.0696
   -1.0828
   -1.0639
   -1.0697
   -0.9183
   -1.0871
   -1.0569
   -0.8547
   -1.0248
   -0.7978
   -1.0249
   -0.8711
   -1.1668
   -0.9793
   -1.1465
   -0.8970
   -1.0962
   -0.9399
   -0.9899
   -1.0709
   -1.1105
   -0.9930
   -0.7613
   -0.9581
   -0.8304
   -0.9213
   -0.8213
   -1.0850
   -0.9361
   -0.7942
   -0.8989
   -0.8846
   -0.9124
   -0.7478
   -0.8264
   -0.8451
   -0.7786
   -0.7775
   -0.8084
   -0.6684
   -0.8225
   -0.7820
   -0.8675
   -0.7816
   -0.6312
   -0.8477
   -0.8901
   -0.6704
   -0.7784
   -0.7473
   -0.7547
   -0.7357
   -0.6519
   -0.8143
   -0.8249
   -0.7086
   -0.8711
   -0.8411
   -0.5105
   -0.6148
   -0.6849
   -0.5535
   -0.7747
   -0.6955
   -0.5950
   -0.5616
   -0.5928
   -0.8915
   -0.7276
   -0.5764
   -0.6531
   -0.3568
   -0.5115
   -0.5417
   -0.7026
   -0.5878
   -0.5534
   -0.4581
   -0.4761
   -0.4543
   -0.6433
   -0.4031
   -0.6757
   -0.5846
   -0.4812
   -0.5326
   -0.6116
   -0.5865
   -0.6525
   -0.4378
   -0.3582
   -0.4877
   -0.5110
   -0.6115
   -0.3663
   -0.2298
   -0.6240
   -0.5439
   -0.4989
   -0.4807
   -0.3948
   -0.2495
   -0.3034
   -0.3448
   -0.4632
   -0.4961
   -0.4572
   -0.2160
   -0.3703
   -0.4021
   -0.3691
   -0.2616
   -0.4686
   -0.1892
   -0.3083
   -0.3389
   -0.2663
   -0.2821
   -0.3316
   -0.3158
   -0.3707
   -0.2115
   -0.3236
   -0.3593
   -0.2404
   -0.1174
   -0.2484
   -0.2977
   -0.1898
   -0.0298
   -0.3620
   -0.1719
   -0.1829
   -0.0805
   -0.0909
   -0.2019
   -0.3450
   -0.0892
   -0.2466
   -0.2511
   -0.0349
   -0.2341
    0.0040
   -0.0960
   -0.0909
   -0.0854
   -0.2732
   -0.2803
   -0.0744
   -0.0324
   -0.0742
   -0.1579
   -0.0672
   -0.0705
   -0.1513
    0.0525
   -0.2152
    0.0234
    0.0097
    0.0790
   -0.1158
    0.0016
    0.2153
    0.0712
    0.0217
    0.0723
    0.0338
    0.2510
    0.1370
    0.0368
    0.0773
    0.0198
    0.1866
   -0.0683
   -0.0814
    0.2317
    0.3079
    0.1461
    0.1173
    0.1785
    0.0548
    0.1434
    0.1369
    0.2024
   -0.0093
    0.1026
    0.2445
    0.0992
    0.0742
    0.3845
    0.1908
    0.1359
    0.0313
    0.2802
    0.2839
    0.1909
    0.1173
    0.2318
    0.1575
    0.1536
    0.2443
    0.1562
    0.2928
    0.3357
    0.1976
    0.1515
    0.4513
    0.2079
    0.2427
    0.3367
    0.3821
    0.3033
    0.3818
    0.3024
    0.2521
    0.4987
    0.6116
    0.5392
    0.3905
    0.5664
    0.4254
    0.3489
    0.4501
    0.4007
    0.3186
    0.3339
    0.5107
    0.2526
    0.5045
    0.2879
    0.2455
    0.2805
    0.6678
    0.4583
    0.4934
    0.6334
    0.5917
    0.3659
    0.5987
    0.5370
    0.4912
    0.5346
    0.6669
    0.4571
    0.5926
    0.5583
    0.3864
    0.4926
    0.5990
    0.7162
    0.6934
    0.6597
    0.5253
    0.7937
    0.6419
    0.5265
    0.6157
    0.7304
    0.6483
    0.7430
    0.7715
    0.7079
    0.5889
    0.6950
    0.6928
    0.8810
    0.5392
    0.6952
    0.6570
    0.7557
    0.4853
    0.8473
    0.7440
    0.5649
    0.7201
    0.8239
    0.6106
    0.7769
    0.6776
    0.7346
    0.7996
    0.8221
    0.7635
    0.8446
    0.9060
    0.8031
    0.9809
    0.9908
    0.8085
    0.7944
    0.6985
    0.8591
    0.8422
    0.9633
    0.7412
    0.8712
    1.0026
    0.8395
    0.8431
    0.7815
    1.1950
    0.8650
    0.8165
    0.8730
    0.8827
    0.9400
    1.0563
    0.9508
    0.8951
    0.8491
    1.0032
    1.0121
    1.1677
    1.0307
    1.0183
    0.9300
    1.0112
    1.0048
    1.0184
    0.9663
    1.1229
    1.0616
    1.0626
    0.9181
    1.1456
    1.1518
    1.0260
    1.2157
    0.9870
    1.1281
    1.1100
    1.0122
    1.1697
    1.3278
    1.1711
    1.1249
    1.2227
    1.1954
    1.1944
    1.1559
    1.3474
    1.2577
    1.1660
    1.2148
    1.1584
    1.1784
    1.1820
    1.1394
    1.3374
    1.2374
    1.3287
    1.2131
    1.2809
    1.2226
    1.3725
    1.2825
    1.2411
    1.1568
    1.3553
    1.2638
    1.3398
    1.2990
    1.4504
    1.4162
    1.4134
    1.3138
    1.4289
    1.5606
    1.3127
    1.4199
    1.2446
    1.5562
    1.3833
    1.5082
    1.2644
    1.6233
    1.4147
    1.5117
    1.4791
    1.4452
    1.6462
    1.3196
    1.5211
    1.5891
    1.5018
    1.4998
    1.5042
    1.4025
    1.5359
    1.5901
    1.5525
    1.5253
    1.5103
    1.5382
    1.6987
    1.3710
    1.5905
    1.5606
    1.7457
    1.6125
    1.7622
    1.4082
    1.6733
    1.6622
    1.7800
    1.4836
    1.6391
    1.6680
    1.6186
    1.7967
    1.6479
    1.8921
    1.8008
    1.7973
    1.7650
    1.6095
    1.6795
    1.7867
    1.8040
    1.8738
    1.7031
    1.6706
    1.8494
    1.6893
    1.8644
    1.9038
    1.8363
    1.7617
    1.8084
    1.8704
    1.8189
    2.0445
    1.7324
    1.7380
    1.7474
    1.7929
    1.6408
    1.8025
    1.8069
    1.8869
    1.9276
    1.7686
    1.9895
    2.0865
    1.8922
    2.0773
    1.9466
    2.1323
    2.0520
    1.7907
    1.9557
    2.0661
    1.9705
    1.9705
    2.1080
    1.9168
    1.9964
    2.0338
    1.9748
    2.0130
    2.0993
    2.0719
    1.9545
    1.9317
    1.9700
    2.0559
    2.0465
    1.9861
    2.0163
    1.9309
    2.1315
    2.0925
    1.9773
    2.1129
    2.2511
    2.0496
    2.2619
    2.1048
    2.1638
    2.1605
    2.2977
    2.1802
    2.0569
    2.0468
