   -9.7253
   -9.7708
   -9.4500
   -9.2881
   -9.2765
   -9.5541
   -9.1794
   -9.2580
   -9.1793
   -9.1234
   -9.1201
   -8.9389
   -8.9908
   -9.0375
   -8.9556
   -8.9568
   -8.7639
   -8.8897
   -8.7804
   -8.8728
   -9.0211
   -8.6866
   -8.6518
   -8.6408
   -8.2669
   -8.5819
   -8.4210
   -8.4400
   -8.2336
   -8.2188
   -8.3125
   -8.2439
   -8.3503
   -8.4256
   -8.2396
   -8.1062
   -7.9846
   -7.9520
   -8.0980
   -8.0776
   -8.1149
   -8.0881
   -8.1115
   -7.7336
   -7.9221
   -7.8822
   -7.8808
   -7.6770
   -7.9089
   -7.7291
   -7.7785
   -7.6471
   -7.7051
   -7.7629
   -7.6044
   -7.5311
   -7.5569
   -7.4172
   -7.5074
   -7.4726
   -7.5021
   -7.4680
   -7.5085
   -7.5462
   -7.3476
   -7.3968
   -7.5062
   -7.2801
   -7.4032
   -7.2796
   -7.2087
   -7.2667
   -7.1494
   -7.3855
   -7.0928
   -7.1590
   -7.1764
   -7.1245
   -7.0287
   -6.9559
   -7.0487
   -6.8170
   -6.8395
   -7.0260
   -6.7198
   -6.6476
   -6.6577
   -6.7738
   -6.8458
   -6.5054
   -6.5982
   -6.4342
   -6.5351
   -6.4097
   -6.4110
   -6.2124
   -6.2735
   -6.0505
   -6.1060
   -6.0143
   -5.7805
   -5.8380
   -4.2954
   -3.9357
   -4.0708
   -3.7430
   -3.9691
   -3.9960
   -3.6956
   -3.4124
   -3.2768
   -3.3689
   -3.5376
   -3.2432
   -3.4333
   -3.3184
   -3.2987
   -3.2717
   -3.1641
   -3.1296
   -3.0776
   -3.2229
   -3.0378
   -2.9040
   -3.0722
   -3.0020
   -3.0272
   -2.7910
   -2.8503
   -2.8703
   -2.9600
   -2.8172
   -2.9162
   -2.8382
   -2.8870
   -2.7548
   -2.7511
   -2.8286
   -2.7473
   -2.7747
   -2.8145
   -2.5539
   -2.5572
   -2.5046
   -2.3298
   -2.4698
   -2.5915
   -2.3690
   -2.5267
   -2.4305
   -2.3112
   -2.1313
   -2.3711
   -2.3792
   -2.3004
   -2.3380
   -2.1581
   -2.3541
   -2.3439
   -2.2261
   -2.2140
   -1.9704
   -2.0496
   -2.1219
   -2.2402
   -2.0227
   -2.2056
   -2.2584
   -1.9819
   -2.0610
   -1.9577
   -2.0131
   -1.9381
   -2.0617
   -2.0961
   -1.9061
   -2.0507
   -2.0332
   -2.0045
   -1.9435
   -1.9723
   -2.0743
   -1.9861
   -2.1283
   -1.8337
   -2.0364
   -1.9659
   -1.8152
   -1.8936
   -1.6589
   -1.8887
   -1.7164
   -1.7280
   -1.8353
   -1.6425
   -1.7043
   -1.6038
   -1.5979
   -1.3890
   -1.4630
   -1.6229
   -1.6026
   -1.4356
   -1.4767
   -1.4417
   -1.6551
   -1.4517
   -1.5066
   -1.3891
   -1.4237
   -1.3154
   -1.3628
   -1.2727
   -1.3894
   -1.4286
   -1.3661
   -1.3177
   -1.2750
   -1.0689
   -1.2450
   -1.3363
   -1.2706
   -1.2742
   -1.1662
   -1.3313
   -1.1703
   -1.1587
   -1.1277
   -1.2026
   -1.1446
   -1.2587
   -1.1198
   -1.0606
   -0.8952
   -1.0503
   -0.8423
   -0.7537
   -1.1081
   -0.8408
   -0.7884
   -0.9152
   -0.8409
   -0.7889
   -0.7944
   -0.7792
   -0.9085
   -0.6134
   -0.5914
   -0.6880
   -0.7300
   -0.5307
   -0.6358
   -0.5459
   -0.5467
   -0.4452
   -0.4448
   -0.5643
   -0.5668
   -0.5443
   -0.3206
   -0.5001
   -0.4194
   -0.3983
   -0.3409
   -0.4682
   -0.2357
   -0.1997
   -0.2092
   -0.2442
   -0.0425
   -0.0123
   -0.2916
    0.2573
    0.2785
    0.2428
