   -9.7253
   -9.7708
   -9.4500
   -9.2881
   -9.2765
   -9.5541
   -9.1794
   -9.2580
   -9.1793
   -9.1234
   -9.1201
   -8.9389
   -8.9908
   -9.0375
   -8.9556
   -8.9568
   -8.7639
   -8.8897
   -8.7804
   -8.8728
   -9.0211
   -8.6866
   -8.6518
   -8.6408
   -8.2669
   -8.5819
   -8.4210
   -8.4400
   -8.2336
   -8.2188
   -8.3125
   -8.2439
   -8.3503
   -8.4256
   -8.2396
   -8.1062
   -7.9846
   -7.9520
   -8.0980
   -8.0776
   -8.1149
   -8.0881
   -8.1115
   -7.7336
   -7.9221
   -7.8822
   -7.8808
   -7.6770
   -7.9089
   -7.7291
   -7.7785
   -7.6471
   -7.7051
   -7.7629
   -7.6044
   -7.5311
   -7.5569
   -7.4172
   -7.5074
   -7.4726
   -7.5021
   -7.4680
   -7.5085
   -7.5462
   -7.3476
   -7.3968
   -7.5062
   -7.2801
   -7.4032
   -7.2796
   -7.2087
   -7.2667
   -7.1494
   -7.3855
   -7.0928
   -7.1590
   -7.1764
   -7.1245
   -7.0287
   -6.9559
   -7.0487
   -6.8170
   -6.8395
   -7.0260
   -6.7198
   -6.6476
   -6.6577
   -6.7738
   -6.8458
   -6.5054
   -6.5982
   -6.4342
   -6.5351
   -6.4097
   -6.4110
   -6.2124
   -6.2735
   -6.0505
   -6.1060
   -6.0143
   -5.7805
   -5.8380
   -4.2954
   -3.9357
   -4.0708
   -3.7430
   -3.9691
   -3.9960
   -3.6956
   -3.4124
   -3.2768
   -3.3689
   -3.5376
   -3.2432
   -3.4333
   -3.3184
   -3.2987
   -3.2717
   -3.1641
   -3.1296
   -3.0776
   -3.2229
   -3.0378
   -2.9040
   -3.0722
   -3.0020
   -3.0272
   -2.7910
   -2.8503
   -2.8703
   -2.9600
   -2.8172
   -2.9162
   -2.8382
   -2.8870
   -2.7548
   -2.7511
   -2.8286
   -2.7473
   -2.7747
   -2.8145
   -2.5539
   -2.5572
   -2.5046
   -2.3298
   -2.4698
   -2.5915
   -2.3690
   -2.5267
   -2.4305
   -2.3112
   -2.1313
   -2.3711
   -2.3792
   -2.3004
   -2.3380
   -2.1581
   -2.3541
   -2.3439
   -2.2261
   -2.2140
   -1.9704
   -2.0496
   -2.1219
   -2.2402
   -2.0227
   -2.2056
   -2.2584
   -1.9819
   -2.0610
   -1.9577
   -2.0131
   -1.9381
   -2.0617
   -2.0961
   -1.9061
   -2.0507
   -2.0332
   -2.0045
   -1.9435
   -1.9723
   -2.0743
   -1.9861
   -2.1283
   -1.8337
   -2.0364
   -1.9659
   -1.8152
   -1.8936
   -1.6589
   -1.8887
   -1.7164
   -1.7280
   -1.8353
   -1.6425
   -1.7043
   -1.6038
   -1.5979
   -1.3890
   -1.4630
   -1.6229
   -1.6026
   -1.4356
   -1.4767
   -1.4417
   -1.6551
   -1.4517
   -1.5066
   -1.3891
   -1.4237
   -1.3154
   -1.3628
   -1.2727
   -1.3894
   -1.4286
   -1.3661
   -1.3177
   -1.2750
   -1.0689
   -1.2450
   -1.3363
   -1.2706
   -1.2742
   -1.1662
   -1.3313
   -1.1703
   -1.1587
   -1.1277
   -1.2026
   -1.1446
   -1.2587
   -1.1198
   -1.0606
   -0.8952
   -1.0503
   -0.8423
   -0.7537
   -1.1081
   -0.8408
   -0.7884
   -0.9152
   -0.8409
   -0.7889
   -0.7944
   -0.7792
   -0.9085
   -0.6134
   -0.5914
   -0.6880
   -0.7300
   -0.5307
   -0.6358
   -0.5459
   -0.5467
   -0.4452
   -0.4448
   -0.5643
   -0.5668
   -0.5443
   -0.3206
   -0.5001
   -0.4194
   -0.3983
   -0.3409
   -0.4682
   -0.2357
   -0.1997
   -0.2092
   -0.2442
   -0.0425
   -0.0123
   -0.2916
    0.2573
    0.2785
    0.2428
   -9.9408
   -9.7614
   -9.5595
   -9.7153
   -9.2568
   -9.4674
   -9.1724
   -9.3121
   -9.0154
   -9.1358
   -9.0736
   -9.1889
   -8.9458
   -8.9807
   -8.8698
   -9.0530
   -8.9614
   -8.6388
   -8.9178
   -8.8010
   -8.6521
   -8.7422
   -8.6799
   -8.6065
   -8.4569
   -8.5671
   -8.2598
   -8.4331
   -8.4549
   -8.2991
   -8.3741
   -8.4152
   -8.3962
   -8.1581
   -8.2207
   -8.1352
   -7.9999
   -8.1849
   -8.1323
   -8.0858
   -8.0006
   -7.9503
   -7.9695
   -7.9348
   -7.8819
   -7.9103
   -7.8369
   -7.7273
   -7.8366
   -7.8235
   -7.7202
   -7.7016
   -7.4284
   -7.7153
   -7.5072
   -7.4992
   -7.6824
   -7.3702
   -7.5624
   -7.7022
   -7.3743
   -7.6077
   -7.3821
   -7.4419
   -7.1994
   -7.2497
   -7.3885
   -7.3952
   -7.4339
   -7.3289
   -7.3096
   -7.3161
   -7.2477
   -7.2042
   -7.0980
   -7.1670
   -7.2331
   -6.9302
   -7.0665
   -7.0267
   -6.9843
   -7.0914
   -6.9339
   -6.9204
   -6.8065
   -6.7673
   -6.7752
   -6.6626
   -6.7047
   -6.6124
   -6.5417
   -6.5755
   -6.5954
   -6.5342
   -6.5594
   -6.2550
   -6.3739
   -6.1449
   -6.1437
   -6.0495
   -5.9195
   -5.6389
   -4.3254
   -4.0533
   -3.8655
   -4.1072
   -3.8890
   -4.1469
   -3.9901
   -3.5566
   -3.6292
   -3.5581
   -3.5987
   -3.2694
   -3.3901
   -3.3419
   -3.4157
   -3.2916
   -3.3871
   -3.2510
   -3.1914
   -3.0271
   -2.9535
   -2.8900
   -2.9175
   -3.0469
   -3.0953
   -2.8992
   -2.8819
   -3.0879
   -2.8474
   -2.7897
   -2.8429
   -2.8599
   -2.9042
   -2.9671
   -2.7288
   -2.8387
   -2.8103
   -2.4921
   -2.5969
   -2.5608
   -2.5596
   -2.4161
   -2.3961
   -2.4713
   -2.4420
   -2.6901
   -2.3827
   -2.3974
   -2.2950
   -2.2083
   -2.5705
   -2.3535
   -2.2635
   -2.3183
   -2.4125
   -2.1592
   -2.2015
   -2.2795
   -2.1327
   -2.0812
   -2.1440
   -2.0506
   -2.1098
   -2.1467
   -2.2215
   -2.1125
   -2.0813
   -2.0051
   -2.0613
   -1.9993
   -2.1203
   -2.0748
   -2.0038
   -2.0797
   -1.8884
   -1.9179
   -1.9310
   -1.9113
   -1.7347
   -1.9837
   -2.1419
   -1.8860
   -1.9013
   -1.9279
   -1.9534
   -1.8643
   -1.8016
   -1.8634
   -1.5181
   -1.8391
   -1.8034
   -1.9473
   -1.6696
   -1.8888
   -1.7349
   -1.7078
   -1.6763
   -1.4227
   -1.4865
   -1.4467
   -1.6338
   -1.4294
   -1.4561
   -1.4163
   -1.3463
   -1.5237
   -1.4595
   -1.3277
   -1.6720
   -1.2432
   -1.2960
   -1.3473
   -1.3121
   -1.4281
   -1.3510
   -1.2029
   -1.1651
   -0.9711
   -1.2481
   -1.3019
   -1.2792
   -1.3161
   -1.1850
   -1.1384
   -1.1778
   -1.0412
   -1.1663
   -1.1555
   -1.1744
   -1.2337
   -1.1631
   -1.0547
   -0.8045
   -0.8309
   -0.7657
   -1.0343
   -1.0803
   -0.9221
   -0.8339
   -0.7513
   -0.6708
   -0.7362
   -0.5740
   -0.7631
   -0.8199
   -0.8674
   -0.6956
   -0.5591
   -0.6717
   -0.4845
   -0.4189
   -0.7517
   -0.4279
   -0.7383
   -0.4515
   -0.3059
   -0.3795
   -0.5096
   -0.4398
   -0.3949
   -0.3569
   -0.3560
   -0.2855
   -0.2333
   -0.3730
   -0.2422
   -0.0613
   -0.0907
   -0.0966
    0.0934
   -0.1942
    0.3577
    0.2448
   -9.8853
   -9.8012
   -9.4536
   -9.5390
   -9.5311
   -9.3266
   -9.5109
   -9.2409
   -9.3038
   -9.2406
   -8.9333
   -9.0888
   -9.0474
   -9.2278
   -9.0729
   -8.9705
   -8.8778
   -8.8075
   -8.8109
   -8.7347
   -8.7204
   -8.9349
   -8.7345
   -8.4898
   -8.4349
   -8.4729
   -8.5062
   -8.5331
   -8.4000
   -8.2524
   -8.5232
   -8.3478
   -8.3755
   -8.1490
   -8.2602
   -8.1689
   -8.1294
   -8.0277
   -8.0985
   -8.3519
   -7.9557
   -7.9022
   -7.9628
   -8.0371
   -7.8360
   -7.8004
   -7.8026
   -7.7764
   -7.8405
   -7.7256
   -7.8440
   -7.6441
   -7.7485
   -7.6210
   -7.7422
   -7.6329
   -7.5746
   -7.6136
   -7.4325
   -7.4742
   -7.6091
   -7.5624
   -7.3667
   -7.2840
   -7.3786
   -7.3161
   -7.3208
   -7.2935
   -7.1839
   -7.4355
   -7.2139
   -7.3178
   -7.2858
   -7.2923
   -7.1705
   -7.2132
   -7.0710
   -6.8996
   -7.0032
   -6.9616
   -7.0009
   -6.9188
   -6.8395
   -6.9094
   -6.9140
   -6.7968
   -6.8674
   -6.7305
   -6.6567
   -6.4749
   -6.5669
   -6.4196
   -6.4525
   -6.6070
   -6.5684
   -6.3135
   -6.1717
   -6.2363
   -6.1788
   -5.8992
   -5.9402
   -5.9353
   -4.1366
   -3.9806
   -3.9310
   -3.8924
   -3.9344
   -4.0531
   -3.9250
   -3.6550
   -3.5568
   -3.5858
   -3.4062
   -3.4244
   -3.4513
   -3.4636
   -3.3958
   -3.1483
   -3.4259
   -3.1841
   -3.1698
   -3.3014
   -3.2622
   -3.1280
   -2.9808
   -2.9477
   -3.0776
   -2.8742
   -2.7753
   -2.8714
   -2.9421
   -2.7587
   -2.7733
   -2.7546
   -2.8891
   -3.1059
   -2.5971
   -2.9688
   -2.7905
   -2.4273
   -2.6323
   -2.5029
   -2.7241
   -2.7459
   -2.6214
   -2.4552
   -2.5348
   -2.5601
   -2.3753
   -2.2762
   -2.4489
   -2.4237
   -2.3754
   -2.1871
   -2.2671
   -2.0584
   -2.1771
   -2.2496
   -2.1027
   -2.1612
   -2.2347
   -2.0954
   -2.2141
   -2.1597
   -1.9849
   -2.1173
   -2.1859
   -2.1504
   -1.9986
   -2.1480
   -2.0884
   -2.0960
   -2.0054
   -2.0351
   -2.1529
   -2.0629
   -2.0637
   -1.8399
   -1.8776
   -1.8865
   -1.9874
   -2.0184
   -1.9725
   -2.0112
   -1.6465
   -2.1007
   -1.7991
   -1.9489
   -1.8301
   -1.9120
   -1.8771
   -1.8571
   -1.5486
   -1.7318
   -1.7714
   -1.6316
   -1.6799
   -1.6083
   -1.7878
   -1.5663
   -1.5087
   -1.7448
   -1.5007
   -1.3726
   -1.5072
   -1.4113
   -1.3822
   -1.5036
   -1.4131
   -1.5706
   -1.4516
   -1.3680
   -1.2790
   -1.3403
   -1.2622
   -1.4354
   -1.3262
   -1.3110
   -1.1099
   -1.2621
   -1.2906
   -1.2339
   -1.3197
   -1.1951
   -1.2137
   -1.3558
   -1.1802
   -1.1826
   -1.3061
   -1.1275
   -0.9673
   -1.0183
   -0.9451
   -1.0709
   -0.8870
   -0.9056
   -0.8503
   -0.8588
   -1.0194
   -0.8602
   -0.9272
   -0.8062
   -0.8653
   -0.6334
   -0.8342
   -0.8308
   -0.7211
   -0.8070
   -0.6492
   -0.6663
   -0.4417
   -0.4996
   -0.5659
   -0.5539
   -0.4202
   -0.4738
   -0.4419
   -0.4310
   -0.5548
   -0.3929
   -0.4345
   -0.3042
   -0.2375
   -0.4015
   -0.2277
   -0.0810
   -0.3189
   -0.0498
   -0.2984
   -0.0499
   -0.0533
   -0.0132
   -0.0221
    0.1804
    0.2412
   -9.8690
   -9.7778
   -9.3253
   -9.3751
   -9.5142
   -9.4239
   -9.1747
   -9.2398
   -9.1760
   -9.1593
   -9.0477
   -9.1692
   -9.0995
   -9.0026
   -8.9688
   -8.9662
   -8.9503
   -8.7720
   -8.5984
   -8.7467
   -8.7851
   -8.6764
   -8.7921
   -8.6416
   -8.4906
   -8.6948
   -8.5410
   -8.4561
   -8.5222
   -8.4690
   -8.3717
   -8.4461
   -8.3021
   -8.2810
   -8.2022
   -8.0064
   -8.0904
   -8.0701
   -8.0493
   -8.0246
   -8.1117
   -7.9576
   -7.9100
   -8.0657
   -7.7846
   -7.7302
   -7.8187
   -7.7789
   -7.8354
   -7.6378
   -7.7951
   -7.7081
   -7.7399
   -7.6397
   -7.7810
   -7.4413
   -7.6600
   -7.4415
   -7.4652
   -7.5125
   -7.5237
   -7.3385
   -7.4798
   -7.3464
   -7.4455
   -7.4213
   -7.2959
   -7.2334
   -7.3300
   -7.4270
   -7.0818
   -7.3653
   -7.4175
   -7.0026
   -7.1734
   -7.2367
   -7.1577
   -7.0299
   -6.9785
   -7.0467
   -6.7499
   -6.9592
   -7.0046
   -6.7763
   -6.7357
   -6.9189
   -6.9157
   -6.6527
   -6.9434
   -6.7335
   -6.4611
   -6.5619
   -6.5823
   -6.4721
   -6.4619
   -6.4129
   -6.1470
   -6.0965
   -6.0982
   -6.0500
   -5.7349
   -5.7309
   -4.1943
   -3.9961
   -3.8064
   -3.7781
   -3.9536
   -3.8905
   -4.0257
   -3.5917
   -3.5476
   -3.5602
   -3.2833
   -3.5134
   -3.4597
   -3.3621
   -3.2637
   -3.2081
   -2.9495
   -3.2293
   -3.0894
   -3.0854
   -2.9241
   -2.9860
   -3.0144
   -3.0818
   -2.9593
   -2.8358
   -2.9586
   -2.8582
   -2.8583
   -2.7848
   -2.9293
   -2.6067
   -2.9514
   -2.8590
   -2.7150
   -2.7781
   -2.7039
   -2.7150
   -2.6728
   -2.5966
   -2.4169
   -2.4990
   -2.4884
   -2.6301
   -2.4033
   -2.4581
   -2.2562
   -2.1830
   -2.3350
   -2.3433
   -2.3830
   -2.3109
   -2.3287
   -2.2357
   -2.2852
   -2.2822
   -2.1227
   -2.2761
   -2.1209
   -2.2040
   -2.0721
   -1.9921
   -2.1480
   -2.0631
   -2.0877
   -2.1839
   -2.0767
   -2.0638
   -2.0085
   -2.0649
   -2.0144
   -2.1113
   -2.0285
   -1.9186
   -1.8811
   -2.0065
   -1.9484
   -1.9224
   -1.9167
   -1.8828
   -2.1036
   -1.9109
   -1.8723
   -1.9762
   -1.6881
   -1.8043
   -1.6634
   -1.8922
   -1.8501
   -1.7207
   -1.8920
   -1.6970
   -1.6851
   -1.5856
   -1.6108
   -1.7220
   -1.7151
   -1.4254
   -1.6652
   -1.6832
   -1.6540
   -1.4305
   -1.5576
   -1.5688
   -1.4355
   -1.4535
   -1.4849
   -1.3385
   -1.2999
   -1.2960
   -1.2746
   -1.3025
   -1.5118
   -1.1582
   -1.2858
   -1.2521
   -1.1834
   -1.0974
   -1.1989
   -1.1925
   -1.2877
   -1.2110
   -1.2627
   -1.2487
   -1.2637
   -1.1665
   -1.0380
   -0.8037
   -1.0973
   -1.2053
   -0.8798
   -0.9669
   -1.0007
   -0.8995
   -1.0272
   -0.8788
   -0.8922
   -0.8462
   -0.8133
   -0.7944
   -0.7740
   -0.7362
   -0.7067
   -0.8440
   -0.8716
   -0.7055
   -0.7500
   -0.5746
   -0.4890
   -0.5175
   -0.6649
   -0.6008
   -0.4815
   -0.5545
   -0.5234
   -0.3687
   -0.4847
   -0.4218
   -0.4612
   -0.4730
   -0.4244
   -0.2679
   -0.2694
   -0.3425
   -0.2752
   -0.3819
   -0.2864
    0.1627
   -0.0613
    0.0588
    0.0551
    0.2744
    0.3743
  -10.0121
   -9.8139
   -9.3900
   -9.5918
   -9.5199
   -9.4871
   -9.2475
   -9.1904
   -9.0423
   -9.1145
   -9.1407
   -8.9584
   -8.9965
   -9.1992
   -8.7474
   -8.8132
   -8.9301
   -8.8314
   -8.6793
   -8.8046
   -8.6928
   -8.6415
   -8.8397
   -8.6268
   -8.4017
   -8.3904
   -8.3332
   -8.4345
   -8.4158
   -8.5656
   -8.4426
   -8.2771
   -8.1791
   -8.1744
   -8.2176
   -8.1490
   -8.0860
   -8.0644
   -7.9188
   -8.0327
   -8.1582
   -8.0734
   -7.7890
   -8.0458
   -7.7947
   -7.8652
   -7.7725
   -7.7682
   -7.6254
   -7.7271
   -7.6923
   -7.8389
   -7.6334
   -7.5917
   -7.5776
   -7.4341
   -7.5580
   -7.4176
   -7.2791
   -7.5913
   -7.4805
   -7.2895
   -7.3336
   -7.3057
   -7.2821
   -7.3239
   -7.1800
   -7.2886
   -7.2885
   -7.2689
   -7.2623
   -7.3953
   -7.1863
   -7.2751
   -6.9508
   -7.0981
   -7.0473
   -7.0420
   -7.0601
   -6.8623
   -6.7417
   -6.9085
   -6.9161
   -6.9079
   -7.0578
   -6.8549
   -6.7505
   -6.6503
   -6.6427
   -6.6525
   -6.5855
   -6.4440
   -6.5733
   -6.5584
   -6.3074
   -6.1793
   -6.2727
   -6.2884
   -6.3199
   -5.9955
   -6.0585
   -5.8995
   -4.0099
   -3.9678
   -4.0674
   -4.0588
   -3.8406
   -4.0091
   -3.7583
   -3.4988
   -3.4099
   -3.4190
   -3.4323
   -3.3462
   -3.4519
   -3.3901
   -3.3183
   -3.1999
   -3.3450
   -3.2718
   -3.0900
   -3.1537
   -2.8901
   -3.0760
   -3.0190
   -2.9101
   -2.9507
   -2.9904
   -2.9932
   -2.8809
   -2.7791
   -2.8233
   -2.9266
   -2.6677
   -2.9681
   -2.9807
   -2.7127
   -2.7852
   -2.8419
   -2.7752
   -2.4333
   -2.5862
   -2.5204
   -2.5363
   -2.5246
   -2.5103
   -2.4269
   -2.5182
   -2.4243
   -2.5585
   -2.3824
   -2.2755
   -2.1921
   -2.2367
   -2.3246
   -2.3980
   -2.5485
   -2.1309
   -2.2881
   -2.2272
   -2.1510
   -2.3039
   -2.1795
   -1.9283
   -2.0671
   -2.0712
   -2.2638
   -1.8796
   -2.2430
   -1.9005
   -2.2612
   -1.9045
   -1.8620
   -2.0790
   -1.9505
   -1.9195
   -2.0518
   -2.1092
   -2.0907
   -1.8911
   -1.9454
   -1.9933
   -1.8251
   -1.8552
   -1.9718
   -1.9963
   -1.8032
   -1.8742
   -1.8098
   -1.6555
   -1.7091
   -1.8293
   -1.7080
   -1.8137
   -1.5339
   -1.7433
   -1.6602
   -1.6495
   -1.5894
   -1.7925
   -1.7306
   -1.6238
   -1.5136
   -1.5560
   -1.6014
   -1.6283
   -1.4894
   -1.4797
   -1.3658
   -1.4466
   -1.3461
   -1.4540
   -1.3769
   -1.3775
   -1.4124
   -1.2626
   -1.3973
   -1.3651
   -1.3022
   -1.3705
   -1.2732
   -1.3072
   -1.2666
   -1.2203
   -1.2572
   -1.1987
   -1.0435
   -1.1534
   -1.0284
   -1.0861
   -1.0389
   -1.1479
   -0.9958
   -0.9234
   -0.9959
   -1.0027
   -1.0522
   -0.7515
   -0.9806
   -0.7214
   -0.8982
   -0.8874
   -0.7133
   -0.8278
   -0.6914
   -0.7742
   -0.6806
   -0.7961
   -0.5236
   -0.5345
   -0.6748
   -0.3139
   -0.5061
   -0.2857
   -0.3543
   -0.5332
   -0.5329
   -0.4688
   -0.5690
   -0.4513
   -0.3566
   -0.2161
   -0.4159
   -0.2475
   -0.3998
   -0.3132
   -0.2979
   -0.1808
   -0.1674
    0.0440
    0.0248
    0.0099
    0.1007
    0.3984
    0.2569
   -9.8242
   -9.9916
   -9.5067
   -9.5605
   -9.4630
   -9.3523
   -9.2580
   -9.1544
   -9.0216
   -9.1256
   -9.0174
   -9.1170
   -9.0678
   -9.1019
   -8.8957
   -8.9488
   -8.9640
   -8.8537
   -8.7076
   -8.7913
   -8.8607
   -8.7388
   -8.9363
   -8.4897
   -8.5360
   -8.4834
   -8.3380
   -8.5578
   -8.1922
   -8.4137
   -8.3803
   -8.1796
   -8.1906
   -7.9824
   -8.2259
   -8.1339
   -8.2556
   -8.1054
   -8.1314
   -8.0922
   -8.1845
   -7.7800
   -8.0825
   -8.2089
   -7.9900
   -7.8987
   -7.8705
   -7.6449
   -7.7613
   -7.7052
   -7.6279
   -7.6572
   -7.5562
   -7.7558
   -7.6563
   -7.5073
   -7.8170
   -7.5850
   -7.3939
   -7.4843
   -7.3413
   -7.3512
   -7.5470
   -7.3329
   -7.2452
   -7.3419
   -7.4409
   -7.2385
   -7.2489
   -7.2306
   -7.2100
   -7.5791
   -7.1753
   -7.0812
   -7.0893
   -7.0713
   -7.0197
   -7.0328
   -6.9324
   -6.9614
   -7.0088
   -7.0075
   -6.9859
   -7.0097
   -6.9754
   -6.6610
   -6.7002
   -6.8183
   -6.7777
   -6.5996
   -6.6234
   -6.5497
   -6.4782
   -6.5110
   -6.4130
   -6.1944
   -6.3018
   -6.2006
   -6.1497
   -6.0573
   -6.0013
   -5.7561
   -4.1510
   -3.9759
   -3.9389
   -3.8875
   -4.0015
   -4.0417
   -3.8462
   -3.4917
   -3.4585
   -3.3247
   -3.3607
   -3.1661
   -3.4266
   -3.4986
   -3.4675
   -3.3128
   -3.1779
   -3.4376
   -2.9834
   -3.1369
   -3.0923
   -3.1446
   -3.0142
   -2.9857
   -2.9959
   -2.9420
   -2.9765
   -3.0006
   -2.8281
   -2.8613
   -2.8291
   -2.7355
   -2.9257
   -2.9079
   -2.6831
   -2.9560
   -2.9179
   -2.5836
   -2.6415
   -2.5873
   -2.5830
   -2.5650
   -2.5773
   -2.4287
   -2.5400
   -2.4968
   -2.2157
   -2.3816
   -2.0812
   -2.3131
   -2.1598
   -2.4621
   -2.2752
   -2.4301
   -2.1863
   -2.3674
   -2.2008
   -2.2106
   -2.2800
   -2.3253
   -2.1956
   -1.9566
   -2.1470
   -2.0155
   -2.1113
   -2.0163
   -2.2834
   -2.1330
   -1.9548
   -2.0613
   -2.0325
   -2.0396
   -1.8778
   -1.9445
   -1.9660
   -1.9000
   -1.9001
   -1.9239
   -1.7822
   -1.9429
   -1.8939
   -1.9703
   -1.8812
   -1.7174
   -1.9198
   -1.9338
   -1.7200
   -1.8280
   -1.7498
   -1.7476
   -1.7162
   -1.6334
   -1.7787
   -1.7883
   -1.6725
   -1.8409
   -1.7427
   -1.4100
   -1.5102
   -1.5796
   -1.4217
   -1.6463
   -1.5373
   -1.4311
   -1.3602
   -1.3815
   -1.6712
   -1.5107
   -1.3587
   -1.4302
   -1.0973
   -1.2501
   -1.2784
   -1.4368
   -1.3195
   -1.2888
   -1.1821
   -1.1526
   -1.1374
   -1.3284
   -1.0866
   -1.3524
   -1.2308
   -1.1336
   -1.1893
   -1.2515
   -1.2250
   -1.2756
   -1.0631
   -0.9444
   -1.0164
   -0.9768
   -1.0819
   -0.8291
   -0.6820
   -1.0808
   -0.9897
   -0.9240
   -0.9079
   -0.7784
   -0.6142
   -0.6638
   -0.6955
   -0.8133
   -0.8406
   -0.7790
   -0.4519
   -0.5895
   -0.6275
   -0.5966
   -0.4777
   -0.6461
   -0.3728
   -0.4987
   -0.5133
   -0.3841
   -0.3642
   -0.4161
   -0.4065
   -0.4556
   -0.2730
   -0.3889
   -0.3702
   -0.2380
   -0.1192
   -0.2228
   -0.2739
   -0.0118
    0.1414
   -0.1596
    0.0999
    0.2600
    0.4242
   -9.8026
   -9.8295
   -9.7163
   -9.4316
   -9.5468
   -9.5510
   -9.1596
   -9.3340
   -9.0287
   -9.1309
   -9.1026
   -9.0536
   -9.2308
   -9.2273
   -8.9784
   -8.9334
   -8.9050
   -8.9514
   -8.8099
   -8.7956
   -8.8615
   -8.6506
   -8.9112
   -8.5077
   -8.4554
   -8.3355
   -8.5261
   -8.4111
   -8.1698
   -8.2995
   -8.3179
   -8.2278
   -8.2529
   -8.0084
   -8.1064
   -8.1304
   -8.0824
   -8.1113
   -7.9383
   -8.1879
   -8.1705
   -7.8002
   -7.7255
   -7.8818
   -7.8599
   -7.7726
   -7.8203
   -7.7376
   -7.7436
   -7.6451
   -7.8447
   -7.7365
   -7.5695
   -7.7124
   -7.7009
   -7.3697
   -7.5597
   -7.5054
   -7.6132
   -7.3633
   -7.3650
   -7.4620
   -7.5374
   -7.3760
   -7.4490
   -7.4508
   -7.3535
   -7.4316
   -7.2878
   -7.2240
   -7.3655
   -7.4164
   -7.1072
   -7.3561
   -7.1990
   -7.0693
   -7.0294
   -7.0923
   -6.9515
   -7.0016
   -7.0293
   -6.7644
   -6.6373
   -6.7028
   -6.8544
   -6.6538
   -6.7400
   -6.8035
   -6.6921
   -6.6203
   -6.6561
   -6.6462
   -6.4757
   -6.6920
   -6.3862
   -6.4460
   -6.4867
   -6.4129
   -5.9220
   -6.0741
   -5.9602
   -5.5613
   -4.0749
   -4.1717
   -3.8666
   -3.9189
   -3.9619
   -3.9189
   -3.7599
   -3.6491
   -3.4234
   -3.4605
   -3.6312
   -3.5144
   -3.3872
   -3.2689
   -3.2933
   -3.1965
   -3.3070
   -3.0417
   -3.0938
   -3.2136
   -3.0859
   -2.9471
   -3.0020
   -2.8984
   -2.8733
   -2.9359
   -3.0033
   -2.8975
   -2.8784
   -2.6852
   -3.0114
   -2.8549
   -2.8819
   -2.7889
   -3.0525
   -2.6963
   -2.7856
   -2.8498
   -2.7015
   -2.5370
   -2.7330
   -2.5678
   -2.6738
   -2.6199
   -2.4975
   -2.4623
   -2.4422
   -2.3571
   -2.2226
   -2.3305
   -2.1534
   -2.1504
   -2.3334
   -2.3354
   -2.4372
   -2.2587
   -2.2655
   -2.1045
   -2.3152
   -2.1911
   -2.0476
   -2.2037
   -2.1939
   -2.2519
   -1.8435
   -2.1787
   -2.2308
   -2.1731
   -2.1272
   -2.0720
   -1.9413
   -2.0264
   -2.0850
   -2.1194
   -1.9682
   -1.9600
   -1.8058
   -1.9360
   -1.9468
   -2.0419
   -1.9523
   -1.9498
   -1.9333
   -1.9721
   -1.8017
   -1.8347
   -1.8397
   -1.9846
   -1.7100
   -1.6944
   -1.8080
   -1.6195
   -1.8313
   -1.6894
   -1.7081
   -1.8120
   -1.5864
   -1.4264
   -1.5792
   -1.6249
   -1.5008
   -1.5317
   -1.5029
   -1.5360
   -1.3071
   -1.3872
   -1.4699
   -1.4247
   -1.4805
   -1.4554
   -1.4154
   -1.4562
   -1.2565
   -1.3542
   -1.2606
   -1.3800
   -1.3009
   -1.3118
   -1.1688
   -1.2609
   -1.3009
   -1.3785
   -1.1497
   -1.2475
   -1.1759
   -1.2000
   -1.0475
   -1.0664
   -1.0716
   -1.1321
   -0.9597
   -0.7653
   -1.0179
   -0.9032
   -1.0681
   -0.7612
   -0.9232
   -0.7778
   -1.0238
   -0.6214
   -0.8113
   -0.7101
   -0.7332
   -0.7664
   -0.5600
   -0.8641
   -0.5768
   -0.4923
   -0.5858
   -0.5900
   -0.5744
   -0.6375
   -0.5105
   -0.4630
   -0.4848
   -0.4556
   -0.4350
   -0.4096
   -0.2555
   -0.5774
   -0.3347
   -0.3685
   -0.1290
   -0.2491
   -0.1036
   -0.4304
   -0.1672
   -0.0242
    0.0868
   -0.1785
    0.0462
    0.2461
    0.2584
   -9.7800
   -9.8447
   -9.3444
   -9.4068
   -9.3682
   -9.4004
   -9.3808
   -9.2860
   -9.1117
   -9.0967
   -9.0037
   -9.1311
   -9.1529
   -8.9637
   -9.0810
   -8.9029
   -8.7933
   -8.8236
   -8.8475
   -8.7833
   -8.7065
   -8.7509
   -8.5184
   -8.6657
   -8.5941
   -8.5342
   -8.4846
   -8.6392
   -8.4499
   -8.4310
   -8.3201
   -8.2400
   -8.3855
   -8.1375
   -8.0246
   -8.1427
   -7.9502
   -8.0523
   -7.8604
   -7.9356
   -8.1665
   -7.9442
   -7.8354
   -7.9256
   -7.8749
   -7.7114
   -7.8266
   -7.7530
   -7.7152
   -7.7412
   -7.6910
   -7.6083
   -7.6108
   -7.7257
   -7.7120
   -7.6528
   -7.5634
   -7.4635
   -7.5272
   -7.4961
   -7.5869
   -7.3903
   -7.4312
   -7.4995
   -7.3625
   -7.2223
   -7.4171
   -7.1949
   -7.3448
   -7.2651
   -7.2718
   -7.1395
   -7.2475
   -7.3762
   -7.2641
   -7.2439
   -7.2606
   -7.0620
   -7.0934
   -6.9696
   -7.0025
   -6.9842
   -6.9342
   -6.8020
   -6.7757
   -6.8000
   -6.8746
   -6.6914
   -6.6698
   -6.5834
   -6.6182
   -6.4855
   -6.5136
   -6.8191
   -6.3822
   -6.4744
   -6.2082
   -6.2445
   -5.9994
   -6.0643
   -6.0575
   -5.7180
   -4.0624
   -4.0300
   -3.9650
   -3.8630
   -3.9067
   -3.9219
   -3.7513
   -3.4049
   -3.4022
   -3.4881
   -3.3018
   -3.3159
   -3.3346
   -3.5203
   -3.3794
   -3.3306
   -3.2414
   -3.1978
   -3.1053
   -3.1604
   -2.9403
   -3.2063
   -2.9297
   -3.1728
   -2.9454
   -3.0646
   -2.8297
   -2.9024
   -2.8582
   -2.9730
   -2.9143
   -2.8207
   -2.7651
   -2.5295
   -2.7865
   -2.7101
   -2.9426
   -2.7983
   -2.7009
   -2.7176
   -2.4252
   -2.6091
   -2.4299
   -2.4156
   -2.4959
   -2.4305
   -2.4007
   -2.3305
   -2.2560
   -2.3150
   -2.2461
   -2.1242
   -2.2192
   -2.2391
   -2.2583
   -2.3473
   -2.3319
   -2.1500
   -2.3011
   -2.2400
   -2.0164
   -1.9392
   -2.2843
   -1.9445
   -2.1267
   -2.1055
   -2.1121
   -1.9846
   -2.2105
   -1.9994
   -2.1183
   -1.9395
   -1.8384
   -1.9743
   -1.9330
   -1.9233
   -2.0389
   -1.7940
   -1.7662
   -1.8667
   -1.9144
   -1.9522
   -1.9589
   -1.7051
   -1.7141
   -1.8268
   -1.9777
   -2.0964
   -1.8677
   -1.7561
   -1.5840
   -1.7836
   -1.6443
   -1.5569
   -1.6681
   -1.6945
   -1.7362
   -1.7169
   -1.5443
   -1.5987
   -1.5333
   -1.5470
   -1.4393
   -1.5719
   -1.4828
   -1.2432
   -1.4970
   -1.4421
   -1.4654
   -1.3501
   -1.2491
   -1.3926
   -1.3773
   -1.3530
   -1.2630
   -1.3869
   -1.3325
   -1.4780
   -1.3789
   -1.2473
   -1.1380
   -1.1848
   -1.2871
   -1.3167
   -1.1569
   -1.3161
   -1.0363
   -1.1144
   -1.2770
   -1.1670
   -1.0788
   -1.0141
   -1.0837
   -1.0079
   -0.9716
   -0.9722
   -0.7706
   -0.8456
   -0.9508
   -0.8346
   -0.8635
   -0.7946
   -0.6607
   -0.7157
   -0.5000
   -0.6617
   -0.6981
   -0.5023
   -0.4749
   -0.4688
   -0.6696
   -0.5295
   -0.4011
   -0.6828
   -0.5416
   -0.5711
   -0.4793
   -0.4829
   -0.2562
   -0.3922
   -0.4250
   -0.4392
   -0.2604
   -0.2557
   -0.1177
   -0.1680
   -0.3563
   -0.1151
    0.0548
   -0.0765
    0.2351
    0.1297
    0.3653
   -9.9878
   -9.8618
   -9.4380
   -9.5249
   -9.3819
   -9.4090
   -9.1991
   -9.3317
   -9.1912
   -9.1221
   -9.2194
   -8.9214
   -9.1447
   -9.0796
   -9.1006
   -9.2045
   -8.7336
   -8.8896
   -8.8565
   -8.8073
   -8.6238
   -8.8485
   -8.6702
   -8.6090
   -8.5535
   -8.3798
   -8.3268
   -8.4727
   -8.4638
   -8.4826
   -8.2176
   -8.3393
   -8.4464
   -8.0865
   -8.3418
   -8.0439
   -8.0893
   -8.0434
   -8.1177
   -8.0108
   -8.1768
   -7.8873
   -7.7852
   -7.8403
   -8.0731
   -7.9368
   -7.7743
   -7.7061
   -7.7582
   -7.7571
   -7.6294
   -7.5694
   -7.6773
   -7.5719
   -7.8595
   -7.6677
   -7.5957
   -7.4964
   -7.4107
   -7.3349
   -7.3842
   -7.4943
   -7.5795
   -7.3178
   -7.5492
   -7.2913
   -7.3620
   -7.4440
   -7.2837
   -7.2851
   -7.2852
   -7.2880
   -7.2214
   -7.1696
   -7.0834
   -6.9894
   -7.0938
   -6.9048
   -6.9405
   -7.0159
   -7.0416
   -6.8865
   -7.0167
   -6.9697
   -6.8447
   -6.8980
   -6.8689
   -6.7592
   -6.7314
   -6.6315
   -6.5956
   -6.4709
   -6.5217
   -6.5297
   -6.2002
   -6.2637
   -6.1614
   -6.2851
   -6.2550
   -6.1336
   -5.9957
   -5.7529
   -4.0347
   -4.0446
   -3.9074
   -3.9420
   -3.9711
   -3.9175
   -3.7165
   -3.6373
   -3.3868
   -3.5621
   -3.4975
   -3.4338
   -3.3739
   -3.2504
   -3.3985
   -3.3406
   -3.1605
   -3.2582
   -3.0914
   -3.1246
   -3.2620
   -2.9859
   -2.9444
   -2.8944
   -2.8037
   -3.0954
   -2.8659
   -2.8701
   -2.9249
   -2.8315
   -2.7988
   -2.9633
   -2.7988
   -2.9142
   -2.8740
   -2.9852
   -2.8343
   -2.6857
   -2.6104
   -2.5978
   -2.7281
   -2.4819
   -2.5800
   -2.5154
   -2.4036
   -2.3384
   -2.1990
   -2.3916
   -2.2733
   -2.4105
   -2.1904
   -2.4151
   -2.4711
   -2.1886
   -2.3229
   -2.1683
   -2.1884
   -2.3454
   -2.4362
   -2.2730
   -2.1429
   -2.2528
   -2.1830
   -2.2531
   -2.0886
   -2.0949
   -2.1489
   -1.9530
   -1.9000
   -1.9885
   -2.2038
   -2.1071
   -1.9520
   -2.0371
   -2.0191
   -1.8744
   -1.9078
   -1.8138
   -1.9798
   -1.7993
   -1.9772
   -1.7560
   -1.8857
   -1.9622
   -2.0186
   -1.8506
   -1.8453
   -1.7274
   -1.7704
   -1.7863
   -1.6164
   -1.7410
   -1.7524
   -1.6297
   -1.7299
   -1.6144
   -1.6650
   -1.6189
   -1.5707
   -1.6160
   -1.5469
   -1.4607
   -1.4647
   -1.4453
   -1.5128
   -1.3475
   -1.3501
   -1.3135
   -1.4791
   -1.4118
   -1.2880
   -1.4036
   -1.3568
   -1.1325
   -1.1208
   -1.1890
   -1.2010
   -1.3427
   -1.1895
   -1.2719
   -1.3337
   -1.2652
   -1.1657
   -1.2314
   -1.2294
   -1.0717
   -1.1285
   -1.0974
   -1.1051
   -1.1380
   -1.1434
   -0.9057
   -0.9854
   -1.1215
   -0.9424
   -1.0103
   -0.8135
   -0.8039
   -0.8017
   -0.8677
   -0.7024
   -0.7327
   -0.7893
   -0.7862
   -0.6393
   -0.7467
   -0.5763
   -0.4799
   -0.3919
   -0.4118
   -0.4700
   -0.6654
   -0.5832
   -0.5691
   -0.3264
   -0.4984
   -0.3474
   -0.3716
   -0.4747
   -0.3305
   -0.2988
   -0.4613
   -0.1523
   -0.4633
   -0.3112
   -0.1208
   -0.3324
   -0.0172
   -0.1819
   -0.0237
   -0.1697
    0.1553
    0.1537
   -9.9419
   -9.8523
   -9.6152
   -9.4324
   -9.5520
   -9.3929
   -9.1115
   -9.2290
   -9.2548
   -9.2894
   -9.2054
   -9.0139
   -9.0514
   -8.9560
   -8.9230
   -8.9761
   -8.8660
   -8.6837
   -8.6702
   -8.8177
   -8.6668
   -8.6934
   -8.6246
   -8.4994
   -8.5913
   -8.5984
   -8.3683
   -8.2310
   -8.4645
   -8.3845
   -8.4316
   -8.1640
   -8.4920
   -8.4539
   -8.1673
   -8.1301
   -8.1556
   -8.1023
   -8.0056
   -8.0887
   -8.1198
   -8.0388
   -7.8520
   -7.9811
   -8.0097
   -7.8281
   -7.7051
   -7.6219
   -7.7257
   -7.7738
   -7.6415
   -7.6131
   -7.6579
   -7.6493
   -7.5755
   -7.5809
   -7.5385
   -7.5497
   -7.5590
   -7.5199
   -7.3707
   -7.4062
   -7.3232
   -7.3922
   -7.4798
   -7.2421
   -7.3450
   -7.1981
   -7.2527
   -7.0660
   -7.3035
   -7.1895
   -7.1742
   -7.3176
   -7.1503
   -7.2367
   -7.2442
   -7.0540
   -6.9183
   -6.8977
   -6.8982
   -6.8208
   -6.9451
   -6.8997
   -6.7948
   -6.7939
   -6.7966
   -6.6237
   -6.8679
   -6.6627
   -6.5862
   -6.4748
   -6.5557
   -6.6335
   -6.3952
   -6.1743
   -6.2007
   -6.1671
   -6.3061
   -6.1445
   -5.9206
   -5.7087
   -4.1161
   -4.1592
   -3.9597
   -4.0763
   -4.1231
   -3.8917
   -3.8036
   -3.5359
   -3.4668
   -3.6157
   -3.3509
   -3.4386
   -3.2106
   -3.3044
   -3.5940
   -3.1807
   -3.3651
   -3.2978
   -3.1404
   -3.1223
   -3.0279
   -3.1390
   -3.1178
   -2.9270
   -2.9850
   -2.9585
   -3.1369
   -2.9288
   -2.9720
   -2.9632
   -2.7566
   -2.9509
   -2.9327
   -2.8555
   -2.7638
   -2.8961
   -2.6635
   -2.5204
   -2.7535
   -2.6224
   -2.6517
   -2.7366
   -2.5378
   -2.4909
   -2.2990
   -2.5704
   -2.2615
   -2.2502
   -2.2846
   -2.2424
   -2.2093
   -2.0992
   -2.2428
   -2.2776
   -2.3574
   -2.2155
   -2.1267
   -2.1579
   -2.2422
   -2.1545
   -2.1574
   -2.1042
   -2.2839
   -2.0521
   -2.0460
   -2.0595
   -2.1011
   -2.2733
   -2.0517
   -1.9389
   -2.1098
   -2.1955
   -2.1468
   -1.9428
   -1.9331
   -1.8756
   -1.9644
   -2.0952
   -2.0187
   -1.8550
   -1.9077
   -1.8410
   -1.8528
   -1.8967
   -1.8729
   -1.6347
   -1.7782
   -1.8260
   -1.7138
   -1.7208
   -1.9398
   -1.6535
   -1.5127
   -1.7652
   -1.5355
   -1.7059
   -1.5760
   -1.4896
   -1.6579
   -1.4544
   -1.6670
   -1.6298
   -1.5651
   -1.4272
   -1.4834
   -1.5848
   -1.4387
   -1.4924
   -1.3333
   -1.4289
   -1.3442
   -1.3833
   -1.2908
   -1.3434
   -1.2835
   -1.5723
   -1.2851
   -1.1993
   -1.2607
   -1.1691
   -1.1539
   -1.0839
   -1.1668
   -1.3680
   -1.4029
   -1.3111
   -1.1467
   -1.1365
   -1.0887
   -1.1330
   -1.0800
   -0.8813
   -0.8691
   -0.9461
   -0.9070
   -0.8606
   -0.8330
   -0.9704
   -0.9234
   -0.9242
   -0.8263
   -0.6834
   -0.6937
   -0.8507
   -0.6774
   -0.6907
   -0.6561
   -0.7240
   -0.6003
   -0.5102
   -0.7764
   -0.5544
   -0.2889
   -0.4471
   -0.4657
   -0.5021
   -0.4538
   -0.3900
   -0.2209
   -0.3221
   -0.4259
   -0.2180
   -0.3038
   -0.0849
   -0.3088
   -0.3183
   -0.1956
    0.0460
    0.0515
    0.0015
   -0.0371
    0.1890
    0.1062
