   -9.8069
   -9.8876
   -9.7740
   -9.5921
   -9.5737
   -9.8024
   -9.5539
   -9.6083
   -9.5477
   -9.4405
   -9.4113
   -9.2245
   -9.2380
   -9.2460
   -9.1580
   -9.1131
   -8.9412
   -9.0552
   -8.9474
   -9.0082
   -9.1221
   -8.7455
   -8.6684
   -8.7730
   -8.4158
   -8.7322
   -8.5261
   -8.4933
   -8.2652
   -8.2154
   -8.2907
   -8.2122
   -8.2826
   -8.3356
   -8.1161
   -8.0094
   -7.8457
   -7.7922
   -7.8948
   -7.8299
   -7.8482
   -7.8289
   -7.8010
   -7.3788
   -7.5684
   -7.5047
   -7.5296
   -7.2699
   -7.4524
   -7.2556
   -7.2672
   -7.0822
   -7.1152
   -7.1254
   -6.9533
   -6.8507
   -6.8300
   -6.7494
   -6.7861
   -6.7018
   -6.6757
   -6.5873
   -6.5755
   -6.6095
   -6.3619
   -6.3625
   -6.4279
   -6.1612
   -6.2407
   -6.0873
   -5.9620
   -5.9644
   -5.8056
   -5.9853
   -5.7638
   -5.8146
   -5.7753
   -5.6881
   -5.6033
   -5.5085
   -5.5724
   -5.3076
   -5.2928
   -5.4346
   -5.0737
   -4.9744
   -4.9875
   -5.0647
   -5.0950
   -4.8237
   -4.9105
   -4.6890
   -4.7313
   -4.5953
   -4.5981
   -4.5038
   -4.5140
   -4.2769
   -4.3833
   -4.2961
   -4.0882
   -4.3514
   -4.2837
   -3.9996
   -4.1537
   -3.7818
   -3.9571
   -3.9300
   -3.6024
   -3.5860
   -3.4865
   -3.5217
   -3.6374
   -3.2992
   -3.4558
   -3.2874
   -3.2114
   -3.2600
   -3.1214
   -3.0288
   -3.0214
   -3.1069
   -2.9049
   -2.7398
   -2.8795
   -2.7624
   -2.7282
   -2.4370
   -2.4917
   -2.4551
   -2.5096
   -2.3153
   -2.3732
   -2.2390
   -2.2420
   -2.0469
   -1.9929
   -2.0072
   -1.8825
   -1.9670
   -1.9423
   -1.6846
   -1.6470
   -1.5353
   -1.2954
   -1.3741
   -1.4945
   -1.2260
   -1.4038
   -1.2526
   -1.1475
   -0.9034
   -1.0831
   -1.0251
   -0.8860
   -0.8761
   -0.6306
   -0.7846
   -0.7246
   -0.5868
   -0.5259
   -0.2161
   -0.2469
   -0.2659
   -0.3298
   -0.0554
   -0.1724
   -0.1593
    0.1817
    0.1623
    0.2905
    0.2982
    0.4199
    0.3371
    0.3668
    0.6065
    0.5262
    0.6058
    0.6974
    0.8130
    0.8441
    0.8103
    0.9518
    0.8622
    1.2155
    1.0611
    1.1793
    1.3633
    1.3526
    1.6492
    1.4340
    1.6584
    1.6961
    1.6516
    1.8891
    1.8879
    2.0505
    2.1239
    2.3261
    2.3116
